chr	startpos	endpos	BAF	pval	LogR	ntot	nMaj1_A	nMin1_A	frac1_A	nMaj2_A	nMin2_A	frac2_A	SDfrac_A	SDfrac_A_BS	frac1_A_0.025	frac1_A_0.975	nMaj1_B	nMin1_B	frac1_B	nMaj2_B	nMin2_B	frac2_B	SDfrac_B	SDfrac_B_BS	frac1_B_0.025	frac1_B_0.975	nMaj1_C	nMin1_C	frac1_C	nMaj2_C	nMin2_C	frac2_C	SDfrac_C	SDfrac_C_BS	frac1_C_0.025	frac1_C_0.975	nMaj1_D	nMin1_D	frac1_D	nMaj2_D	nMin2_D	frac2_D	SDfrac_D	SDfrac_D_BS	frac1_D_0.025	frac1_D_0.975	nMaj1_E	nMin1_E	frac1_E	nMaj2_E	nMin2_E	frac2_E	SDfrac_E	SDfrac_E_BS	frac1_E_0.025	frac1_E_0.975	nMaj1_F	nMin1_F	frac1_F	nMaj2_F	nMin2_F	frac2_F	SDfrac_F	SDfrac_F_BS	frac1_F_0.025	frac1_F_0.975
1	828166	230505799	0.5	1	0.0138632218858044	3.98612852363543	2	2	1	NA	NA	NA	NA	NA	NA	NA	NA	NA	NA	NA	NA	NA	NA	NA	NA	NA	NA	NA	NA	NA	NA	NA	NA	NA	NA	NA	NA	NA	NA	NA	NA	NA	NA	NA	NA	NA	NA	NA	NA	NA	NA	NA	NA	NA	NA	NA	NA	NA	NA	NA	NA	NA	NA	NA	NA	NA
1	230505937	249213594	0.527272727272727	0.00000000000000000000000000000000000000000000000000000000000000000000000000000000000000000000000000000000000000000000000000000000000000000000000000000000000000000000000000000000000000000000000000000000000000000000000000000000000000000703224408022931	0.0170301676842535	3.99615585583293	2	1	0.236730428848652	2	2	0.763269571151348	0.00655728807773351	0.00670099932975344	0.217309521862294	0.243840204686638	2	0	0.118365214424326	2	2	0.881634785575674	0.00327864403886675	0.0032534451547669	0.109382216523589	0.122121124623008	2	1	0.618365214424326	2	3	0.381634785575674	0.00327864403886674	0.00330434150593949	0.609612409290608	0.622758417527976	2	2	0.735954521668811	3	2	0.264045478331189	0.00815781412134914	0.00811718422485884	0.727034620931314	0.759440320814253	1	2	0.367977260834406	3	2	0.632022739165594	0.00407890706067457	0.0042089068051256	0.363144679901414	0.379486051441358	2	2	0.867977260834406	4	2	0.132022739165594	0.00407890706067454	0.00425182249747657	0.863120264905377	0.879637281284802
2	23368	232714559	0.5	1	0.015574837084168	3.99154518637562	2	2	1	NA	NA	NA	NA	NA	NA	NA	NA	NA	NA	NA	NA	NA	NA	NA	NA	NA	NA	NA	NA	NA	NA	NA	NA	NA	NA	NA	NA	NA	NA	NA	NA	NA	NA	NA	NA	NA	NA	NA	NA	NA	NA	NA	NA	NA	NA	NA	NA	NA	NA	NA	NA	NA	NA	NA	NA	NA
2	232714637	242955595	0.55	0	-0.117026064226939	3.59037913947278	2	1	0.41607166282491	2	2	0.58392833717509	0.00899662530093645	0.00907502172500978	0.39040837177618	0.424971386075236	2	0	0.208035831412455	2	2	0.791964168587545	0.00449831265046823	0.00450692263332108	0.195306077286674	0.212786918736169	2	1	0.708035831412455	2	3	0.291964168587545	0.00449831265046841	0.00439590647430799	0.69503003809671	0.712405587498949	2	2	0.491467967658443	3	2	0.508532032341557	0.013439434256978	0.0130691818476205	0.477825923434642	0.528847910214341	1	2	0.245733983829221	3	2	0.754266016170779	0.00671971712848905	0.00669391219421094	0.238631283206626	0.26461941236908	2	2	0.745733983829221	4	2	0.254266016170779	0.00671971712848901	0.00664515450860232	0.738290578827024	0.764328347155297
3	60197	197846280	0.5	1	0.0142970256729459	3.98750075280564	2	2	1	NA	NA	NA	NA	NA	NA	NA	NA	NA	NA	NA	NA	NA	NA	NA	NA	NA	NA	NA	NA	NA	NA	NA	NA	NA	NA	NA	NA	NA	NA	NA	NA	NA	NA	NA	NA	NA	NA	NA	NA	NA	NA	NA	NA	NA	NA	NA	NA	NA	NA	NA	NA	NA	NA	NA	NA	NA
4	72048	49092676	0.51063829787234	0.0000000000000000000000000000000000000000000000000000000000000000000000000000000000000000000000000000000000000000130964560146613	-0.0128846781653891	3.90231039426567	2	1	0.0953497560640379	2	2	0.904650243935962	0.00435543358383493	0.00424029385153526	0.0925250131365852	0.10970215144129	2	0	0.047674878032019	2	2	0.952325121967981	0.00217771679191747	0.00220811180909054	0.0461296807607215	0.0549600852878064	2	1	0.547674878032019	2	3	0.452325121967981	0.00217771679191747	0.00217843076692887	0.546292609515914	0.554796283451081	1	1	0.943982863237524	2	1	0.0560171367624758	0.00267003010468869	0.00276720922222377	0.935061479572299	0.945916570036404	0	1	0.471991431618762	2	1	0.528008568381238	0.00133501505234443	0.00133170823442605	0.467773046525153	0.472993729625807	1	1	0.971991431618762	3	1	0.0280085683812379	0.00133501505234418	0.00136817073312234	0.967562834955095	0.972846457327993
4	52681128	190756509	0.5	1	0.0112311338400193	3.97781141610133	2	2	1	NA	NA	NA	NA	NA	NA	NA	NA	NA	NA	NA	NA	NA	NA	NA	NA	NA	NA	NA	NA	NA	NA	NA	NA	NA	NA	NA	NA	NA	NA	NA	NA	NA	NA	NA	NA	NA	NA	NA	NA	NA	NA	NA	NA	NA	NA	NA	NA	NA	NA	NA	NA	NA	NA	NA	NA	NA
5	849504	883300	0.666666666666667	0.000170151721901214	0.0761033183936448	4.18728777776777	3	1	0.644197072768503	3	2	0.355802927231497	0.0977902126765254	0.0958129482973847	0.430804531224522	0.810377154267279	3	0	0.322098536384252	3	2	0.677901463615748	0.0488951063382627	0.0476997511729925	0.214175926756698	0.400354631208319	3	1	0.822098536384252	3	3	0.177901463615748	0.0488951063382628	0.0490166120474661	0.708611812261859	0.902737847320933	2	1	0.711605854462994	3	1	0.288394145537006	0.153437830375968	0.153099166079121	0.409975431167142	1.02030134984624	1	1	0.355802927231497	3	1	0.644197072768503	0.076718915187984	0.0766042231632808	0.212142880765695	0.513960691101606	2	1	0.855802927231497	4	1	0.144197072768503	0.0767189151879842	0.074020519928975	0.723119851306266	1.0193485592149
5	884359	180685900	0.5	1	0.0192192218851517	4.00309981886392	2	2	1	NA	NA	NA	NA	NA	NA	NA	NA	NA	NA	NA	NA	NA	NA	NA	NA	NA	NA	NA	NA	NA	NA	NA	NA	NA	NA	NA	NA	NA	NA	NA	NA	NA	NA	NA	NA	NA	NA	NA	NA	NA	NA	NA	NA	NA	NA	NA	NA	NA	NA	NA	NA	NA	NA	NA	NA	NA
6	202452	78630172	0.5	1	0.0164782478257749	3.99440675716485	2	2	1	NA	NA	NA	NA	NA	NA	NA	NA	NA	NA	NA	NA	NA	NA	NA	NA	NA	NA	NA	NA	NA	NA	NA	NA	NA	NA	NA	NA	NA	NA	NA	NA	NA	NA	NA	NA	NA	NA	NA	NA	NA	NA	NA	NA	NA	NA	NA	NA	NA	NA	NA	NA	NA	NA	NA	NA	NA
6	78694540	118396674	0.884615384615385	1	-0.811516425374909	1.99821933577433	2	0	1	NA	NA	NA	NA	NA	NA	NA	NA	NA	NA	NA	NA	NA	NA	NA	NA	NA	NA	NA	NA	NA	NA	NA	NA	NA	NA	NA	NA	NA	NA	NA	NA	NA	NA	NA	NA	NA	NA	NA	NA	NA	NA	NA	NA	NA	NA	NA	NA	NA	NA	NA	NA	NA	NA	NA	NA	NA
6	118504082	170919735	0.5	1	0.0163986929774661	3.99415469370596	2	2	1	NA	NA	NA	NA	NA	NA	NA	NA	NA	NA	NA	NA	NA	NA	NA	NA	NA	NA	NA	NA	NA	NA	NA	NA	NA	NA	NA	NA	NA	NA	NA	NA	NA	NA	NA	NA	NA	NA	NA	NA	NA	NA	NA	NA	NA	NA	NA	NA	NA	NA	NA	NA	NA	NA	NA	NA	NA
7	80500	159122935	0.5	1	0.017301732983626	3.99701672372138	2	2	1	NA	NA	NA	NA	NA	NA	NA	NA	NA	NA	NA	NA	NA	NA	NA	NA	NA	NA	NA	NA	NA	NA	NA	NA	NA	NA	NA	NA	NA	NA	NA	NA	NA	NA	NA	NA	NA	NA	NA	NA	NA	NA	NA	NA	NA	NA	NA	NA	NA	NA	NA	NA	NA	NA	NA	NA	NA
8	156504	146300622	0.5	1	0.013869461341501	3.98614825765965	2	2	1	NA	NA	NA	NA	NA	NA	NA	NA	NA	NA	NA	NA	NA	NA	NA	NA	NA	NA	NA	NA	NA	NA	NA	NA	NA	NA	NA	NA	NA	NA	NA	NA	NA	NA	NA	NA	NA	NA	NA	NA	NA	NA	NA	NA	NA	NA	NA	NA	NA	NA	NA	NA	NA	NA	NA	NA	NA
9	203761	38774351	0.5	1	0.0143545750079538	3.98768282665416	2	2	1	NA	NA	NA	NA	NA	NA	NA	NA	NA	NA	NA	NA	NA	NA	NA	NA	NA	NA	NA	NA	NA	NA	NA	NA	NA	NA	NA	NA	NA	NA	NA	NA	NA	NA	NA	NA	NA	NA	NA	NA	NA	NA	NA	NA	NA	NA	NA	NA	NA	NA	NA	NA	NA	NA	NA	NA	NA
9	44869216	44900329	0.613437643810401	0.552569372275117	0.0369289083221773	4.05966634399709	3	2	1	NA	NA	NA	NA	NA	NA	NA	NA	NA	NA	NA	NA	NA	NA	NA	NA	NA	NA	NA	NA	NA	NA	NA	NA	NA	NA	NA	NA	NA	NA	NA	NA	NA	NA	NA	NA	NA	NA	NA	NA	NA	NA	NA	NA	NA	NA	NA	NA	NA	NA	NA	NA	NA	NA	NA	NA	NA
9	71063179	141068960	0.5	1	0.0139451472262334	3.98638764224116	2	2	1	NA	NA	NA	NA	NA	NA	NA	NA	NA	NA	NA	NA	NA	NA	NA	NA	NA	NA	NA	NA	NA	NA	NA	NA	NA	NA	NA	NA	NA	NA	NA	NA	NA	NA	NA	NA	NA	NA	NA	NA	NA	NA	NA	NA	NA	NA	NA	NA	NA	NA	NA	NA	NA	NA	NA	NA	NA
10	94541	135235689	0.5	1	0.0178813056817545	3.99885452379118	2	2	1	NA	NA	NA	NA	NA	NA	NA	NA	NA	NA	NA	NA	NA	NA	NA	NA	NA	NA	NA	NA	NA	NA	NA	NA	NA	NA	NA	NA	NA	NA	NA	NA	NA	NA	NA	NA	NA	NA	NA	NA	NA	NA	NA	NA	NA	NA	NA	NA	NA	NA	NA	NA	NA	NA	NA	NA	NA
11	197337	134946381	0.5	1	0.0122342588853147	3.9809793910797	2	2	1	NA	NA	NA	NA	NA	NA	NA	NA	NA	NA	NA	NA	NA	NA	NA	NA	NA	NA	NA	NA	NA	NA	NA	NA	NA	NA	NA	NA	NA	NA	NA	NA	NA	NA	NA	NA	NA	NA	NA	NA	NA	NA	NA	NA	NA	NA	NA	NA	NA	NA	NA	NA	NA	NA	NA	NA	NA
12	188197	133839356	0.5	1	0.0138099028490974	3.98595989074592	2	2	1	NA	NA	NA	NA	NA	NA	NA	NA	NA	NA	NA	NA	NA	NA	NA	NA	NA	NA	NA	NA	NA	NA	NA	NA	NA	NA	NA	NA	NA	NA	NA	NA	NA	NA	NA	NA	NA	NA	NA	NA	NA	NA	NA	NA	NA	NA	NA	NA	NA	NA	NA	NA	NA	NA	NA	NA	NA
13	19456378	49883444	0.5	1	0.0174271556733066	3.99741437107401	2	2	1	NA	NA	NA	NA	NA	NA	NA	NA	NA	NA	NA	NA	NA	NA	NA	NA	NA	NA	NA	NA	NA	NA	NA	NA	NA	NA	NA	NA	NA	NA	NA	NA	NA	NA	NA	NA	NA	NA	NA	NA	NA	NA	NA	NA	NA	NA	NA	NA	NA	NA	NA	NA	NA	NA	NA	NA	NA
13	49884055	52295318	0.862068965517241	0.00000000000000000000000000000000000000000000000000254321031831964	-0.776438915582425	2.06159508754564	2	0	0.922251082251081	2	1	0.0777489177489189	0.00594685963709873	0.00591727336549883	0.897366495697717	0.920802453101961	2	0	0.96112554112554	2	2	0.0388744588744595	0.0029734298185492	0.00297083882813566	0.948738474369705	0.960220911126929	1	0	0.485930735930743	2	0	0.514069264069257	0.0292810269348849	0.0281356982473372	0.492931844677135	0.602410673877207	0	0	0.242965367965372	2	0	0.757034632034628	0.0146405134674424	0.0133243558650761	0.246912015540253	0.299288442950884	1	0	0.742965367965373	3	0	0.257034632034627	0.0146405134674424	0.0137749985918208	0.746652222047298	0.800577260691724	NA	NA	NA	NA	NA	NA	NA	NA	NA	NA
13	52300658	114986609	0.5	1	0.0260591791506159	4.02486506788096	2	2	1	NA	NA	NA	NA	NA	NA	NA	NA	NA	NA	NA	NA	NA	NA	NA	NA	NA	NA	NA	NA	NA	NA	NA	NA	NA	NA	NA	NA	NA	NA	NA	NA	NA	NA	NA	NA	NA	NA	NA	NA	NA	NA	NA	NA	NA	NA	NA	NA	NA	NA	NA	NA	NA	NA	NA	NA	NA
14	20480547	107283598	0.5	1	0.0201951760420927	4.00619906915944	2	2	1	NA	NA	NA	NA	NA	NA	NA	NA	NA	NA	NA	NA	NA	NA	NA	NA	NA	NA	NA	NA	NA	NA	NA	NA	NA	NA	NA	NA	NA	NA	NA	NA	NA	NA	NA	NA	NA	NA	NA	NA	NA	NA	NA	NA	NA	NA	NA	NA	NA	NA	NA	NA	NA	NA	NA	NA	NA
15	20004669	102431166	0.5	1	0.0172084204076147	3.99672090255755	2	2	1	NA	NA	NA	NA	NA	NA	NA	NA	NA	NA	NA	NA	NA	NA	NA	NA	NA	NA	NA	NA	NA	NA	NA	NA	NA	NA	NA	NA	NA	NA	NA	NA	NA	NA	NA	NA	NA	NA	NA	NA	NA	NA	NA	NA	NA	NA	NA	NA	NA	NA	NA	NA	NA	NA	NA	NA	NA
16	83807	89998957	0.5	1	0.00968512910293049	3.97293328105549	2	2	1	NA	NA	NA	NA	NA	NA	NA	NA	NA	NA	NA	NA	NA	NA	NA	NA	NA	NA	NA	NA	NA	NA	NA	NA	NA	NA	NA	NA	NA	NA	NA	NA	NA	NA	NA	NA	NA	NA	NA	NA	NA	NA	NA	NA	NA	NA	NA	NA	NA	NA	NA	NA	NA	NA	NA	NA	NA
17	1869	79992401	0.5	1	0.0119512072808981	3.9800852610856	2	2	1	NA	NA	NA	NA	NA	NA	NA	NA	NA	NA	NA	NA	NA	NA	NA	NA	NA	NA	NA	NA	NA	NA	NA	NA	NA	NA	NA	NA	NA	NA	NA	NA	NA	NA	NA	NA	NA	NA	NA	NA	NA	NA	NA	NA	NA	NA	NA	NA	NA	NA	NA	NA	NA	NA	NA	NA	NA
18	125371	78017073	0.5	1	0.0166416915959326	3.99492465987805	2	2	1	NA	NA	NA	NA	NA	NA	NA	NA	NA	NA	NA	NA	NA	NA	NA	NA	NA	NA	NA	NA	NA	NA	NA	NA	NA	NA	NA	NA	NA	NA	NA	NA	NA	NA	NA	NA	NA	NA	NA	NA	NA	NA	NA	NA	NA	NA	NA	NA	NA	NA	NA	NA	NA	NA	NA	NA	NA
19	226776	59070578	0.5	1	0.00566448289767965	3.96027131591947	2	2	1	NA	NA	NA	NA	NA	NA	NA	NA	NA	NA	NA	NA	NA	NA	NA	NA	NA	NA	NA	NA	NA	NA	NA	NA	NA	NA	NA	NA	NA	NA	NA	NA	NA	NA	NA	NA	NA	NA	NA	NA	NA	NA	NA	NA	NA	NA	NA	NA	NA	NA	NA	NA	NA	NA	NA	NA	NA
20	20000786	62955706	0.5	1	0.0130228256124108	3.98347131506692	2	2	1	NA	NA	NA	NA	NA	NA	NA	NA	NA	NA	NA	NA	NA	NA	NA	NA	NA	NA	NA	NA	NA	NA	NA	NA	NA	NA	NA	NA	NA	NA	NA	NA	NA	NA	NA	NA	NA	NA	NA	NA	NA	NA	NA	NA	NA	NA	NA	NA	NA	NA	NA	NA	NA	NA	NA	NA	NA
21	15273443	48101335	0.5	1	0.0201643196834696	4.00610104928325	2	2	1	NA	NA	NA	NA	NA	NA	NA	NA	NA	NA	NA	NA	NA	NA	NA	NA	NA	NA	NA	NA	NA	NA	NA	NA	NA	NA	NA	NA	NA	NA	NA	NA	NA	NA	NA	NA	NA	NA	NA	NA	NA	NA	NA	NA	NA	NA	NA	NA	NA	NA	NA	NA	NA	NA	NA	NA	NA
22	16620365	23104802	0.510204081632653	0.00000130399255514356	0.017906330573186	3.99893389327297	2	1	0.0915357658214781	2	2	0.908464234178522	0.0157531888931923	0.0155970214386305	0.0469671817378707	0.108551037354073	2	0	0.0457678829107391	2	2	0.954232117089261	0.00787659444659614	0.00763792287328695	0.0237546651070263	0.0528071897269904	2	1	0.545767882910739	2	3	0.454232117089261	0.00787659444659616	0.00803964506129858	0.523377259582222	0.554968615149616	2	2	0.90465024393596	3	2	0.0953497560640397	0.0170933218578972	0.0163941502342674	0.88657715727329	0.952363743390921	1	2	0.45232512196798	3	2	0.54767487803202	0.00854666092894862	0.00832483564095878	0.442800071348183	0.476004269957718	2	2	0.95232512196798	4	2	0.0476748780320199	0.00854666092894862	0.0084291387653184	0.942175650080858	0.975675312269571
22	23105331	23231528	1	1	-1.064038356252	1000.01	NA	NA	1	NA	NA	NA	NA	NA	NA	NA	NA	NA	NA	NA	NA	NA	NA	NA	NA	NA	NA	NA	NA	NA	NA	NA	NA	NA	NA	NA	NA	NA	NA	NA	NA	NA	NA	NA	NA	NA	NA	NA	NA	NA	NA	NA	NA	NA	NA	NA	NA	NA	NA	NA	NA	NA	NA	NA	NA	NA
22	23238289	49998118	0.5	1	0.0132182307554346	3.98408901908975	2	2	1	NA	NA	NA	NA	NA	NA	NA	NA	NA	NA	NA	NA	NA	NA	NA	NA	NA	NA	NA	NA	NA	NA	NA	NA	NA	NA	NA	NA	NA	NA	NA	NA	NA	NA	NA	NA	NA	NA	NA	NA	NA	NA	NA	NA	NA	NA	NA	NA	NA	NA	NA	NA	NA	NA	NA	NA	NA
