sample	Chrom	start	end	class	nMaj1_A	nMin1_A	frac1_A	nMaj2_A	nMin2_A	code_batt
04-38353T--04-38353N	1	876355	93356792	normal	1	1	1	NA	NA	no_sub
04-38353T--04-38353N	1	93361899	97425992	deletion	1	0	0.661417322834643	2	0	subclonal
04-38353T--04-38353N	1	98188557	98589218	normal	1	1	1	NA	NA	no_sub
04-38353T--04-38353N	1	98593948	99647180	deletion	1	0	0.594488188976378	2	0	subclonal
04-38353T--04-38353N	1	99792832	99984990	normal	1	1	1	NA	NA	no_sub
04-38353T--04-38353N	1	99987303	117240810	deletion	1	0	0.633530183727032	2	0	subclonal
04-38353T--04-38353N	1	117272067	248909926	normal	1	1	1	NA	NA	no_sub
04-38353T--04-38353N	2	14004	88854568	normal	1	1	1	NA	NA	no_sub
04-38353T--04-38353N	2	88862035	91864360	deletion	1	0	0.500787401574801	2	0	subclonal
04-38353T--04-38353N	2	91867019	242043342	normal	1	1	1	NA	NA	no_sub
04-38353T--04-38353N	3	36268	90448317	gain	2	1	1	NA	NA	no_sub
04-38353T--04-38353N	3	93786912	198115487	gain	2	1	1	NA	NA	no_sub
04-38353T--04-38353N	4	11870	189848068	normal	1	1	1	NA	NA	no_sub
04-38353T--04-38353N	5	850088	181288809	normal	1	1	1	NA	NA	no_sub
04-38353T--04-38353N	6	192157	105710583	normal	1	1	1	NA	NA	no_sub
04-38353T--04-38353N	6	105711158	107140922	deletion	1	0	0.646544181977248	2	0	subclonal
04-38353T--04-38353N	6	107143389	107996507	deletion	1	0	0.326378634897748	1	1	subclonal
04-38353T--04-38353N	6	107998386	108366620	deletion	1	0	0.684724785072713	2	0	subclonal
04-38353T--04-38353N	6	108460873	119031853	normal	1	1	1	NA	NA	no_sub
04-38353T--04-38353N	6	119032047	128235054	deletion	1	0	0.174978127734034	1	1	subclonal
04-38353T--04-38353N	6	128251732	170612497	normal	1	1	1	NA	NA	no_sub
04-38353T--04-38353N	7	82180	159330245	normal	1	1	1	NA	NA	no_sub
04-38353T--04-38353N	8	212281	145075236	normal	1	1	1	NA	NA	no_sub
04-38353T--04-38353N	9	203937	38774354	normal	1	1	1	NA	NA	no_sub
04-38353T--04-38353N	9	61665362	61692491	normal	1	1	1	NA	NA	no_sub
04-38353T--04-38353N	9	68416612	138174508	normal	1	1	1	NA	NA	no_sub
04-38353T--04-38353N	10	48486	133422386	normal	1	1	1	NA	NA	no_sub
04-38353T--04-38353N	11	196944	83550225	normal	1	1	1	NA	NA	no_sub
04-38353T--04-38353N	11	83550291	115169201	deletion	1	0	0.212811236433286	1	1	subclonal
04-38353T--04-38353N	11	115170198	134999713	normal	1	1	1	NA	NA	no_sub
04-38353T--04-38353N	12	79119	133262557	normal	1	1	1	NA	NA	no_sub
04-38353T--04-38353N	13	18910187	114344377	normal	1	1	1	NA	NA	no_sub
04-38353T--04-38353N	14	19956892	106881246	normal	1	1	1	NA	NA	no_sub
04-38353T--04-38353N	15	19796459	101888846	normal	1	1	1	NA	NA	no_sub
04-38353T--04-38353N	16	42370	89999852	normal	1	1	1	NA	NA	no_sub
04-38353T--04-38353N	17	153311	79999603	normal	1	1	1	NA	NA	no_sub
04-38353T--04-38353N	18	125632	79999306	normal	1	1	1	NA	NA	no_sub
04-38353T--04-38353N	19	255924	58580350	normal	1	1	1	NA	NA	no_sub
04-38353T--04-38353N	20	20001903	26325907	normal	1	1	1	NA	NA	no_sub
04-38353T--04-38353N	20	30185407	64324353	normal	1	1	1	NA	NA	no_sub
04-38353T--04-38353N	21	13901496	46681423	normal	1	1	1	NA	NA	no_sub
04-38353T--04-38353N	22	16386975	22196050	normal	1	1	1	NA	NA	no_sub
04-38353T--04-38353N	22	22196729	22720405	deletion	1	0	0.594488188976378	2	0	subclonal
04-38353T--04-38353N	22	22721447	23939313	normal	1	1	1	NA	NA	no_sub
04-38353T--04-38353N	22	23939316	24006363	LOH	2	0	0.498736269077475	2	1	subclonal
04-38353T--04-38353N	22	24008132	49999547	normal	1	1	1	NA	NA	no_sub
04-38353T--04-38353N	X	1334607	58525020	normal	1	1	1	NA	NA	no_sub
04-38353T--04-38353N	X	62522181	89201195	normal	1	1	1	NA	NA	no_sub
04-38353T--04-38353N	X	93246139	155971724	normal	1	1	1	NA	NA	no_sub
05-11733T--05-11733N	1	876001	88745176	normal	1	1	1	NA	NA	no_sub
05-11733T--05-11733N	1	88756737	119062604	deletion	1	0	1	NA	NA	no_sub
05-11733T--05-11733N	1	119063374	121588919	normal	1	1	1	NA	NA	no_sub
05-11733T--05-11733N	1	143542498	143724724	normal	1	1	1	NA	NA	no_sub
05-11733T--05-11733N	1	146891138	152050513	normal	1	1	1	NA	NA	no_sub
05-11733T--05-11733N	1	152061954	174882564	deletion	1	0	1	NA	NA	no_sub
05-11733T--05-11733N	1	174882641	248914573	normal	1	1	1	NA	NA	no_sub
05-11733T--05-11733N	2	197644	242042281	normal	1	1	1	NA	NA	no_sub
05-11733T--05-11733N	3	19817	114444983	normal	1	1	1	NA	NA	no_sub
05-11733T--05-11733N	3	114445309	198116021	gain	2	1	1	NA	NA	no_sub
05-11733T--05-11733N	4	11870	189864235	normal	1	1	1	NA	NA	no_sub
05-11733T--05-11733N	5	859713	147216735	normal	1	1	1	NA	NA	no_sub
05-11733T--05-11733N	5	147217191	147301350	gain	2	1	1	NA	NA	no_sub
05-11733T--05-11733N	5	147308564	172106778	normal	1	1	1	NA	NA	no_sub
05-11733T--05-11733N	5	172109673	181258899	gain	2	1	1	NA	NA	no_sub
05-11733T--05-11733N	6	160271	27600022	gain	2	1	1	NA	NA	no_sub
05-11733T--05-11733N	6	27603975	170612497	normal	1	1	1	NA	NA	no_sub
05-11733T--05-11733N	7	80448	57993845	normal	1	1	1	NA	NA	no_sub
05-11733T--05-11733N	7	61075640	159329992	normal	1	1	1	NA	NA	no_sub
05-11733T--05-11733N	8	192083	15835736	deletion	1	0	1	NA	NA	no_sub
05-11733T--05-11733N	8	15836088	71149963	normal	1	1	1	NA	NA	no_sub
05-11733T--05-11733N	8	71159305	145067348	gain	2	1	1	NA	NA	no_sub
05-11733T--05-11733N	9	203937	38773523	normal	1	1	1	NA	NA	no_sub
05-11733T--05-11733N	9	61666955	61878825	normal	1	1	1	NA	NA	no_sub
05-11733T--05-11733N	9	68416929	129436088	normal	1	1	1	NA	NA	no_sub
05-11733T--05-11733N	9	129436229	129445903	LOH_2	3	0	1	NA	NA	no_sub
05-11733T--05-11733N	9	129446555	138174508	normal	1	1	1	NA	NA	no_sub
05-11733T--05-11733N	10	49156	133395751	normal	1	1	1	NA	NA	no_sub
05-11733T--05-11733N	11	197557	134999713	normal	1	1	1	NA	NA	no_sub
05-11733T--05-11733N	12	79119	133264554	normal	1	1	1	NA	NA	no_sub
05-11733T--05-11733N	13	18875648	78491770	normal	1	1	1	NA	NA	no_sub
05-11733T--05-11733N	13	78500926	114344377	deletion	1	0	1	NA	NA	no_sub
05-11733T--05-11733N	14	19969730	106881246	normal	1	1	1	NA	NA	no_sub
05-11733T--05-11733N	15	19796459	101890963	normal	1	1	1	NA	NA	no_sub
05-11733T--05-11733N	16	76945	89999852	normal	1	1	1	NA	NA	no_sub
05-11733T--05-11733N	17	155896	79983857	normal	1	1	1	NA	NA	no_sub
05-11733T--05-11733N	18	125632	79998415	normal	1	1	1	NA	NA	no_sub
05-11733T--05-11733N	19	226776	58580350	normal	1	1	1	NA	NA	no_sub
05-11733T--05-11733N	20	20005782	64287865	normal	1	1	1	NA	NA	no_sub
05-11733T--05-11733N	21	13900911	46681423	normal	1	1	1	NA	NA	no_sub
05-11733T--05-11733N	22	16385677	21108369	normal	1	1	1	NA	NA	no_sub
05-11733T--05-11733N	22	21572167	23929935	deletion	1	0	1	NA	NA	no_sub
05-11733T--05-11733N	22	23936285	24006363	deletion	1	0	0.26477630506255	1	1	subclonal
05-11733T--05-11733N	22	24010332	49999547	deletion	1	0	1	NA	NA	no_sub
05-11733T--05-11733N	X	1336907	155999818	normal	1	1	1	NA	NA	no_sub
05-13982T--05-13982N	1	841166	197867217	normal	1	1	1	NA	NA	no_sub
05-13982T--05-13982N	1	197871558	248922185	normal	1	1	0.341888779203683	2	1	subclonal
05-13982T--05-13982N	2	10419	242043342	normal	1	1	1	NA	NA	no_sub
05-13982T--05-13982N	3	18685	198119409	normal	1	1	1	NA	NA	no_sub
05-13982T--05-13982N	4	101374	189840839	normal	1	1	1	NA	NA	no_sub
05-13982T--05-13982N	5	866942	181315811	normal	1	1	1	NA	NA	no_sub
05-13982T--05-13982N	6	160271	170610382	normal	1	1	1	NA	NA	no_sub
05-13982T--05-13982N	7	82180	159321577	normal	1	1	1	NA	NA	no_sub
05-13982T--05-13982N	8	196791	145049787	normal	1	1	1	NA	NA	no_sub
05-13982T--05-13982N	9	203937	38774354	normal	1	1	1	NA	NA	no_sub
05-13982T--05-13982N	9	61664314	61694122	normal	1	1	1	NA	NA	no_sub
05-13982T--05-13982N	9	68418622	138174968	normal	1	1	1	NA	NA	no_sub
05-13982T--05-13982N	10	49156	133422135	normal	1	1	1	NA	NA	no_sub
05-13982T--05-13982N	11	198510	134998351	normal	1	1	1	NA	NA	no_sub
05-13982T--05-13982N	12	79119	133264554	normal	1	1	1	NA	NA	no_sub
05-13982T--05-13982N	13	18936342	114299210	normal	1	1	1	NA	NA	no_sub
05-13982T--05-13982N	14	19956892	106875390	normal	1	1	1	NA	NA	no_sub
05-13982T--05-13982N	15	19885878	49096052	normal	1	1	0.599797230596836	2	1	subclonal
05-13982T--05-13982N	15	49097150	59404817	normal	1	1	0.369893512003523	2	1	subclonal
05-13982T--05-13982N	15	59406191	70990468	normal	1	1	0.691510365251733	2	1	subclonal
05-13982T--05-13982N	15	70991638	98139891	normal	1	1	1	NA	NA	no_sub
05-13982T--05-13982N	15	98140442	101890963	deletion	1	0	0.308489634748269	1	1	subclonal
05-13982T--05-13982N	16	34870	89999533	normal	1	1	1	NA	NA	no_sub
05-13982T--05-13982N	17	151596	79995119	normal	1	1	1	NA	NA	no_sub
05-13982T--05-13982N	18	132649	14142121	deletion	1	0	1	NA	NA	no_sub
05-13982T--05-13982N	18	20979714	79987878	normal	1	1	1	NA	NA	no_sub
05-13982T--05-13982N	19	247288	58585941	normal	1	1	1	NA	NA	no_sub
05-13982T--05-13982N	20	20008178	64287865	normal	1	1	1	NA	NA	no_sub
05-13982T--05-13982N	21	13906833	46643344	normal	1	1	1	NA	NA	no_sub
05-13982T--05-13982N	22	16385677	19003864	normal	1	1	1	NA	NA	no_sub
05-13982T--05-13982N	22	19026951	21804797	deletion	1	0	1	NA	NA	no_sub
05-13982T--05-13982N	22	21815314	22898605	deletion	0	0	0.93617751834843	1	0	subclonal
05-13982T--05-13982N	22	22907184	49999695	deletion	1	0	1	NA	NA	no_sub
05-13982T--05-13982N	X	1342726	58531086	normal	1	1	1	NA	NA	no_sub
05-13982T--05-13982N	X	62516111	89201195	normal	1	1	1	NA	NA	no_sub
05-13982T--05-13982N	X	93212138	155826061	normal	1	1	1	NA	NA	no_sub
05-18796T--05-18796N	1	851618	248907281	whole_chrom_dup	2	2	1	NA	NA	no_sub
05-18796T--05-18796N	2	14004	242043342	whole_chrom_dup	2	2	1	NA	NA	no_sub
05-18796T--05-18796N	3	19121	75701647	whole_chrom_dup	2	2	1	NA	NA	no_sub
05-18796T--05-18796N	3	75707364	75775725	LOH_3	4	0	1	NA	NA	no_sub
05-18796T--05-18796N	3	75777364	198119409	whole_chrom_dup	2	2	1	NA	NA	no_sub
05-18796T--05-18796N	4	11870	189869091	whole_chrom_dup	2	2	1	NA	NA	no_sub
05-18796T--05-18796N	5	852576	1325688	whole_chrom_dup	2	2	1	NA	NA	no_sub
05-18796T--05-18796N	5	1326986	1495104	LOH_2	3	0	0.77839684601026	3	1	subclonal
05-18796T--05-18796N	5	1495648	181288809	whole_chrom_dup	2	2	1	NA	NA	no_sub
05-18796T--05-18796N	6	160271	170609106	whole_chrom_dup	2	2	1	NA	NA	no_sub
05-18796T--05-18796N	7	80500	159329992	whole_chrom_dup	2	2	1	NA	NA	no_sub
05-18796T--05-18796N	8	209286	145074313	whole_chrom_dup	2	2	1	NA	NA	no_sub
05-18796T--05-18796N	9	203639	38773523	whole_chrom_dup	2	2	1	NA	NA	no_sub
05-18796T--05-18796N	9	61664314	61878825	whole_chrom_dup	2	2	1	NA	NA	no_sub
05-18796T--05-18796N	9	68458013	138119688	whole_chrom_dup	2	2	1	NA	NA	no_sub
05-18796T--05-18796N	9	138132345	138170499	high_LOH	6	0	1	NA	NA	no_sub
05-18796T--05-18796N	10	58487	133422871	whole_chrom_dup	2	2	1	NA	NA	no_sub
05-18796T--05-18796N	11	196944	102282695	whole_chrom_dup	2	2	1	NA	NA	no_sub
05-18796T--05-18796N	11	102337659	116723999	LOH_2	3	0	1	NA	NA	no_sub
05-18796T--05-18796N	11	116724640	134991081	whole_chrom_dup	2	2	1	NA	NA	no_sub
05-18796T--05-18796N	12	78435	133259913	whole_chrom_dup	2	2	1	NA	NA	no_sub
05-18796T--05-18796N	13	18875648	44291663	whole_chrom_dup	2	2	1	NA	NA	no_sub
05-18796T--05-18796N	13	44292208	114323029	LOH_2	3	0	1	NA	NA	no_sub
05-18796T--05-18796N	14	19956892	106875390	whole_chrom_dup	2	2	1	NA	NA	no_sub
05-18796T--05-18796N	15	19824435	101848788	whole_chrom_dup	2	2	1	NA	NA	no_sub
05-18796T--05-18796N	16	33807	89997192	whole_chrom_dup	2	2	1	NA	NA	no_sub
05-18796T--05-18796N	17	153311	79991703	whole_chrom_dup	2	2	1	NA	NA	no_sub
05-18796T--05-18796N	18	129379	79999306	whole_chrom_dup	2	2	1	NA	NA	no_sub
05-18796T--05-18796N	19	255924	34345557	whole_chrom_dup	2	2	1	NA	NA	no_sub
05-18796T--05-18796N	19	34365155	58579677	gain_2	3	1	1	NA	NA	no_sub
05-18796T--05-18796N	20	20001903	26330792	whole_chrom_dup	2	2	1	NA	NA	no_sub
05-18796T--05-18796N	20	30185407	38408078	whole_chrom_dup	2	2	1	NA	NA	no_sub
05-18796T--05-18796N	20	38463439	38463903	high_LOH	15	0	1	NA	NA	no_sub
05-18796T--05-18796N	20	38463989	64286376	whole_chrom_dup	2	2	1	NA	NA	no_sub
05-18796T--05-18796N	21	13900911	46584579	whole_chrom_dup	2	2	1	NA	NA	no_sub
05-18796T--05-18796N	22	15396825	49999850	whole_chrom_dup	2	2	1	NA	NA	no_sub
05-18796T--05-18796N	X	1334946	2698739	whole_chrom_dup	2	2	1	NA	NA	no_sub
05-18796T--05-18796N	X	155703951	155999818	whole_chrom_dup	2	2	0.774467009941017	3	2	subclonal
05-20551T--05-20551N	1	827221	248907069	whole_chrom_dup	2	2	1	NA	NA	no_sub
05-20551T--05-20551N	2	20807	241908700	whole_chrom_dup	2	2	1	NA	NA	no_sub
05-20551T--05-20551N	3	19121	198098611	whole_chrom_dup	2	2	1	NA	NA	no_sub
05-20551T--05-20551N	4	69675	189860830	whole_chrom_dup	2	2	1	NA	NA	no_sub
05-20551T--05-20551N	5	857807	181315811	whole_chrom_dup	2	2	1	NA	NA	no_sub
05-20551T--05-20551N	6	160271	97723280	whole_chrom_dup	2	2	1	NA	NA	no_sub
05-20551T--05-20551N	6	97731850	157273003	LOH	2	0	1	NA	NA	no_sub
05-20551T--05-20551N	6	157274291	170612497	whole_chrom_dup	2	2	1	NA	NA	no_sub
05-20551T--05-20551N	7	104023	159329992	whole_chrom_dup	2	2	1	NA	NA	no_sub
05-20551T--05-20551N	8	205687	145069728	whole_chrom_dup	2	2	1	NA	NA	no_sub
05-20551T--05-20551N	9	203937	38773523	whole_chrom_dup	2	2	1	NA	NA	no_sub
05-20551T--05-20551N	9	61672681	61672681	whole_chrom_dup	6	5	1	NA	NA	no_sub
05-20551T--05-20551N	9	68448368	138174508	whole_chrom_dup	2	2	1	NA	NA	no_sub
05-20551T--05-20551N	10	48486	133412826	whole_chrom_dup	2	2	1	NA	NA	no_sub
05-20551T--05-20551N	11	196944	134998351	whole_chrom_dup	2	2	1	NA	NA	no_sub
05-20551T--05-20551N	12	79119	133254733	whole_chrom_dup	2	2	1	NA	NA	no_sub
05-20551T--05-20551N	13	18875648	114320935	whole_chrom_dup	2	2	1	NA	NA	no_sub
05-20551T--05-20551N	14	19956892	106874344	whole_chrom_dup	2	2	1	NA	NA	no_sub
05-20551T--05-20551N	15	19796608	101844841	whole_chrom_dup	2	2	1	NA	NA	no_sub
05-20551T--05-20551N	16	33802	89998166	whole_chrom_dup	2	2	1	NA	NA	no_sub
05-20551T--05-20551N	17	182458	79991703	whole_chrom_dup	2	2	1	NA	NA	no_sub
05-20551T--05-20551N	18	143513	79999306	whole_chrom_dup	2	2	1	NA	NA	no_sub
05-20551T--05-20551N	19	226776	15672352	whole_chrom_dup	2	2	1	NA	NA	no_sub
05-20551T--05-20551N	19	15673850	15677129	high_LOH	6	0	1	NA	NA	no_sub
05-20551T--05-20551N	19	15677768	58553787	whole_chrom_dup	2	2	1	NA	NA	no_sub
05-20551T--05-20551N	20	20001903	64287865	whole_chrom_dup	2	2	1	NA	NA	no_sub
05-20551T--05-20551N	21	13908491	46679698	whole_chrom_dup	2	2	1	NA	NA	no_sub
05-20551T--05-20551N	22	16385463	22720405	whole_chrom_dup	2	2	1	NA	NA	no_sub
05-20551T--05-20551N	22	22721160	22806873	LOH	2	0	1	NA	NA	no_sub
05-20551T--05-20551N	22	22879592	49999695	whole_chrom_dup	2	2	1	NA	NA	no_sub
05-20551T--05-20551N	X	1335016	155999818	whole_chrom_dup	2	2	1	NA	NA	no_sub
06-19179T--06-19179N	1	827221	91657718	normal	1	1	1	NA	NA	no_sub
06-19179T--06-19179N	1	91658017	107402333	deletion	1	0	0.322800007010526	2	0	subclonal
06-19179T--06-19179N	1	107403640	248928274	normal	1	1	1	NA	NA	no_sub
06-19179T--06-19179N	2	55050	88861810	normal	1	1	1	NA	NA	no_sub
06-19179T--06-19179N	2	88862035	91997792	deletion	1	0	0.270806807227856	2	0	subclonal
06-19179T--06-19179N	2	91999325	242043342	normal	1	1	1	NA	NA	no_sub
06-19179T--06-19179N	3	39100	90432003	normal	1	1	1	NA	NA	no_sub
06-19179T--06-19179N	3	93786912	198113356	gain	2	1	1	NA	NA	no_sub
06-19179T--06-19179N	4	81410	189829059	normal	1	1	1	NA	NA	no_sub
06-19179T--06-19179N	5	854550	181295681	normal	1	1	1	NA	NA	no_sub
06-19179T--06-19179N	6	89919	93205391	normal	1	1	1	NA	NA	no_sub
06-19179T--06-19179N	6	93205521	93232048	LOH	2	0	1	NA	NA	no_sub
06-19179T--06-19179N	6	93233714	170609106	normal	1	1	1	NA	NA	no_sub
06-19179T--06-19179N	7	83177	55019446	normal	1	1	1	NA	NA	no_sub
06-19179T--06-19179N	7	55023606	57993845	deletion	1	0	0.275927401433475	1	1	subclonal
06-19179T--06-19179N	7	61075640	61114362	deletion	1	0	0.513755101753752	2	0	subclonal
06-19179T--06-19179N	7	62297392	63472447	deletion	1	0	0.303340384312045	1	1	subclonal
06-19179T--06-19179N	7	63480306	65400968	normal	1	1	1	NA	NA	no_sub
06-19179T--06-19179N	7	65401231	70239609	deletion	1	0	0.303340384312045	1	1	subclonal
06-19179T--06-19179N	7	70315747	76321913	LOH	2	0	0.354814633376893	2	1	subclonal
06-19179T--06-19179N	7	76323449	78292489	deletion	1	0	0.321912244576046	1	1	subclonal
06-19179T--06-19179N	7	78293071	90208383	LOH	2	0	0.343888708914178	2	1	subclonal
06-19179T--06-19179N	7	90218249	94823819	deletion	1	0	0.268869886094767	1	1	subclonal
06-19179T--06-19179N	7	94848003	95734015	LOH	2	0	0.350110415899887	2	1	subclonal
06-19179T--06-19179N	7	95735286	98874752	deletion	1	0	0.281673214004041	1	1	subclonal
06-19179T--06-19179N	7	98880123	103780308	LOH	2	0	0.330158045221564	2	1	subclonal
06-19179T--06-19179N	7	103781414	104389085	LOH_2	3	0	0.359203741730169	3	1	subclonal
06-19179T--06-19179N	7	104389260	106097929	LOH	2	0	0.327419484540224	2	1	subclonal
06-19179T--06-19179N	7	106111502	111145623	deletion	1	0	0.300451428270975	1	1	subclonal
06-19179T--06-19179N	7	111163665	112848522	LOH	2	0	0.310056049225566	2	1	subclonal
06-19179T--06-19179N	7	112916115	118296531	LOH_2	3	0	0.358047910442627	3	1	subclonal
06-19179T--06-19179N	7	118333973	121339514	LOH	2	0	0.338491565504884	2	1	subclonal
06-19179T--06-19179N	7	121393429	121738890	deletion	1	0	0.256831460004664	1	1	subclonal
06-19179T--06-19179N	7	121749805	123168474	LOH	2	0	0.327977458262185	2	1	subclonal
06-19179T--06-19179N	7	123202999	130112661	deletion	1	0	0.279675531635221	1	1	subclonal
06-19179T--06-19179N	7	130115374	136656485	LOH	2	0	0.331219486084473	2	1	subclonal
06-19179T--06-19179N	7	136656699	136950014	deletion	1	0	0.295756874704244	1	1	subclonal
06-19179T--06-19179N	7	136954229	143731945	LOH	2	0	0.331615752668385	2	1	subclonal
06-19179T--06-19179N	7	143732506	144486474	normal	1	1	0.938340191959316	2	1	subclonal
06-19179T--06-19179N	7	144487294	147685385	LOH	2	0	0.338055858615068	2	1	subclonal
06-19179T--06-19179N	7	147689434	148178346	deletion	1	0	0.284210810526602	1	1	subclonal
06-19179T--06-19179N	7	148179774	148295479	LOH	2	0	0.327977458262185	2	1	subclonal
06-19179T--06-19179N	7	148295720	151854261	deletion	1	0	0.262894999737107	1	1	subclonal
06-19179T--06-19179N	7	151856630	152752065	gain	2	1	1	NA	NA	no_sub
06-19179T--06-19179N	7	152754046	159329992	LOH	2	0	0.332576514394696	2	1	subclonal
06-19179T--06-19179N	8	192425	145075236	normal	1	1	1	NA	NA	no_sub
06-19179T--06-19179N	9	203937	38773523	normal	1	1	1	NA	NA	no_sub
06-19179T--06-19179N	9	61665362	61687984	normal	1	1	1	NA	NA	no_sub
06-19179T--06-19179N	9	68422860	138174508	normal	1	1	1	NA	NA	no_sub
06-19179T--06-19179N	10	48486	133422370	normal	1	1	1	NA	NA	no_sub
06-19179T--06-19179N	11	197337	134999713	normal	1	1	1	NA	NA	no_sub
06-19179T--06-19179N	12	79119	133255670	normal	1	1	1	NA	NA	no_sub
06-19179T--06-19179N	13	18875648	114341521	normal	1	1	1	NA	NA	no_sub
06-19179T--06-19179N	14	20008086	106881246	normal	1	1	1	NA	NA	no_sub
06-19179T--06-19179N	15	19796459	101863123	normal	1	1	1	NA	NA	no_sub
06-19179T--06-19179N	16	34870	89994936	normal	1	1	1	NA	NA	no_sub
06-19179T--06-19179N	17	186760	22741324	deletion	1	0	0.246464062253534	1	1	subclonal
06-19179T--06-19179N	17	26962870	79999603	normal	1	1	1	NA	NA	no_sub
06-19179T--06-19179N	18	125729	14142303	normal	1	1	1	NA	NA	no_sub
06-19179T--06-19179N	18	20999425	79998683	normal	1	1	1	NA	NA	no_sub
06-19179T--06-19179N	19	226776	58585941	normal	1	1	1	NA	NA	no_sub
06-19179T--06-19179N	20	20072183	38463439	normal	1	1	1	NA	NA	no_sub
06-19179T--06-19179N	20	38463461	38463903	LOH_3	4	0	1	NA	NA	no_sub
06-19179T--06-19179N	20	38463989	64324353	normal	1	1	1	NA	NA	no_sub
06-19179T--06-19179N	21	13900911	46681423	normal	1	1	1	NA	NA	no_sub
06-19179T--06-19179N	22	16385677	22668473	normal	1	1	1	NA	NA	no_sub
06-19179T--06-19179N	22	22669132	22878385	LOH	2	0	1	NA	NA	no_sub
06-19179T--06-19179N	22	22911088	49999547	normal	1	1	1	NA	NA	no_sub
06-19179T--06-19179N	X	1342726	155999818	normal	1	1	1	NA	NA	no_sub
06-23090T--06-23090N	1	832873	46176155	normal	1	1	1	NA	NA	no_sub
06-23090T--06-23090N	1	46214495	48552224	deletion	1	0	1	NA	NA	no_sub
06-23090T--06-23090N	1	48554972	65939043	normal	1	1	1	NA	NA	no_sub
06-23090T--06-23090N	1	65940745	121581391	deletion	1	0	1	NA	NA	no_sub
06-23090T--06-23090N	1	143542694	204351890	normal	1	1	1	NA	NA	no_sub
06-23090T--06-23090N	1	204390049	248935535	deletion	1	0	0.0950469452703824	1	1	subclonal
06-23090T--06-23090N	2	16078	55619736	normal	1	1	1	NA	NA	no_sub
06-23090T--06-23090N	2	55620250	91858512	deletion	1	0	0.123634779785951	1	1	subclonal
06-23090T--06-23090N	2	91863391	117065723	deletion	1	0	0.134409821594483	1	1	subclonal
06-23090T--06-23090N	2	117067206	229847458	normal	1	1	1	NA	NA	no_sub
06-23090T--06-23090N	2	229849309	230036931	gain	2	1	1	NA	NA	no_sub
06-23090T--06-23090N	2	230042646	242041812	normal	1	1	1	NA	NA	no_sub
06-23090T--06-23090N	3	18685	198119409	normal	1	1	1	NA	NA	no_sub
06-23090T--06-23090N	4	92344	189869091	normal	1	1	1	NA	NA	no_sub
06-23090T--06-23090N	5	852576	181288809	normal	1	1	1	NA	NA	no_sub
06-23090T--06-23090N	6	160271	170610647	normal	1	1	1	NA	NA	no_sub
06-23090T--06-23090N	7	81237	159329992	normal	1	1	1	NA	NA	no_sub
06-23090T--06-23090N	8	205687	145059697	normal	1	1	1	NA	NA	no_sub
06-23090T--06-23090N	9	203937	38773523	normal	1	1	1	NA	NA	no_sub
06-23090T--06-23090N	9	61665362	61692021	normal	1	1	1	NA	NA	no_sub
06-23090T--06-23090N	9	68493516	138175313	normal	1	1	1	NA	NA	no_sub
06-23090T--06-23090N	10	52147	38813578	normal	1	1	1	NA	NA	no_sub
06-23090T--06-23090N	10	42149938	42278558	deletion	1	0	0.719309721198347	1	1	subclonal
06-23090T--06-23090N	10	42279072	133414342	normal	1	1	1	NA	NA	no_sub
06-23090T--06-23090N	11	199153	69557148	normal	1	1	1	NA	NA	no_sub
06-23090T--06-23090N	11	69558257	69648142	gain	2	1	1	NA	NA	no_sub
06-23090T--06-23090N	11	69654008	79745527	normal	1	1	1	NA	NA	no_sub
06-23090T--06-23090N	11	79749969	114580633	deletion	1	0	1	NA	NA	no_sub
06-23090T--06-23090N	11	114657192	134998351	normal	1	1	1	NA	NA	no_sub
06-23090T--06-23090N	12	125976	11073288	normal	1	1	1	NA	NA	no_sub
06-23090T--06-23090N	12	11073290	50566697	normal	1	1	1	NA	NA	no_sub
06-23090T--06-23090N	12	50566940	101002014	normal	1	1	0.934771704226208	2	1	subclonal
06-23090T--06-23090N	12	101003626	133255670	normal	1	1	0.864770606322623	2	1	subclonal
06-23090T--06-23090N	13	18881817	114323029	deletion	1	0	1	NA	NA	no_sub
06-23090T--06-23090N	14	20006052	33051486	deletion	1	0	1	NA	NA	no_sub
06-23090T--06-23090N	14	33051713	33172058	normal	1	1	1	NA	NA	no_sub
06-23090T--06-23090N	14	33172913	36121986	deletion	1	0	1	NA	NA	no_sub
06-23090T--06-23090N	14	36123775	62330002	normal	1	1	1	NA	NA	no_sub
06-23090T--06-23090N	14	62345543	77780434	deletion	1	0	1	NA	NA	no_sub
06-23090T--06-23090N	14	77781357	106881246	normal	1	1	1	NA	NA	no_sub
06-23090T--06-23090N	15	19796521	101890963	normal	1	1	1	NA	NA	no_sub
06-23090T--06-23090N	16	33802	89997192	normal	1	1	1	NA	NA	no_sub
06-23090T--06-23090N	17	151596	4404591	normal	1	1	0.88911189718455	2	1	subclonal
06-23090T--06-23090N	17	4405782	79990249	normal	1	1	1	NA	NA	no_sub
06-23090T--06-23090N	18	139490	79998683	normal	1	1	1	NA	NA	no_sub
06-23090T--06-23090N	19	226776	58580350	normal	1	1	1	NA	NA	no_sub
06-23090T--06-23090N	20	20005302	64324353	normal	1	1	1	NA	NA	no_sub
06-23090T--06-23090N	21	13910933	46652716	normal	1	1	1	NA	NA	no_sub
06-23090T--06-23090N	22	16386087	26186470	normal	1	1	0.656774919856947	2	1	subclonal
06-23090T--06-23090N	22	26190829	29035638	deletion	1	0	1	NA	NA	no_sub
06-23090T--06-23090N	22	29035875	35584126	normal	1	1	1	NA	NA	no_sub
06-23090T--06-23090N	22	35599640	40357726	deletion	1	0	1	NA	NA	no_sub
06-23090T--06-23090N	22	40417927	42478948	normal	1	1	1	NA	NA	no_sub
06-23090T--06-23090N	22	42562679	49999695	deletion	1	0	1	NA	NA	no_sub
06-23090T--06-23090N	X	1336196	58531086	deletion	1	0	1	NA	NA	no_sub
06-23090T--06-23090N	X	62516111	155998907	deletion	1	0	1	NA	NA	no_sub
06-32123T--06-32123N	1	841166	248928636	normal	1	1	1	NA	NA	no_sub
06-32123T--06-32123N	2	11320	33732189	normal	1	1	1	NA	NA	no_sub
06-32123T--06-32123N	2	33733677	33753230	deletion	1	0	0.841492616168587	1	1	subclonal
06-32123T--06-32123N	2	33781006	88926960	normal	1	1	1	NA	NA	no_sub
06-32123T--06-32123N	2	88945111	88998306	gain	2	1	1	NA	NA	no_sub
06-32123T--06-32123N	2	88998355	242043342	normal	1	1	1	NA	NA	no_sub
06-32123T--06-32123N	3	36268	75680509	normal	1	1	1	NA	NA	no_sub
06-32123T--06-32123N	3	75691199	75785272	LOH	2	0	0.518599132180921	2	1	subclonal
06-32123T--06-32123N	3	75849900	198118362	normal	1	1	1	NA	NA	no_sub
06-32123T--06-32123N	4	11870	161026704	normal	1	1	1	NA	NA	no_sub
06-32123T--06-32123N	4	161030838	161082537	LOH	2	0	0.519529646355054	2	1	subclonal
06-32123T--06-32123N	4	161085706	189860499	normal	1	1	1	NA	NA	no_sub
06-32123T--06-32123N	5	850088	181260906	normal	1	1	1	NA	NA	no_sub
06-32123T--06-32123N	6	160271	170612497	normal	1	1	1	NA	NA	no_sub
06-32123T--06-32123N	7	80500	37460323	gain	2	1	1	NA	NA	no_sub
06-32123T--06-32123N	7	37519127	159321577	normal	1	1	1	NA	NA	no_sub
06-32123T--06-32123N	8	205687	145070208	normal	1	1	1	NA	NA	no_sub
06-32123T--06-32123N	9	216493	38771834	normal	1	1	1	NA	NA	no_sub
06-32123T--06-32123N	9	61664314	61978077	deletion	1	0	0.151983075164748	1	1	subclonal
06-32123T--06-32123N	9	68416309	106177190	deletion	1	0	1	NA	NA	no_sub
06-32123T--06-32123N	9	106242574	106853948	normal	1	1	1	NA	NA	no_sub
06-32123T--06-32123N	9	106915516	108894245	deletion	1	0	1	NA	NA	no_sub
06-32123T--06-32123N	9	108895106	138175011	normal	1	1	1	NA	NA	no_sub
06-32123T--06-32123N	10	48486	133422386	normal	1	1	1	NA	NA	no_sub
06-32123T--06-32123N	11	196944	134999713	normal	1	1	1	NA	NA	no_sub
06-32123T--06-32123N	12	79119	133255670	normal	1	1	1	NA	NA	no_sub
06-32123T--06-32123N	13	18900340	102317778	normal	1	1	1	NA	NA	no_sub
06-32123T--06-32123N	13	102352160	114323029	deletion	1	0	1	NA	NA	no_sub
06-32123T--06-32123N	14	19956892	106881246	normal	1	1	1	NA	NA	no_sub
06-32123T--06-32123N	15	19829624	19990060	normal	1	1	1	NA	NA	no_sub
06-32123T--06-32123N	15	23373965	101890963	normal	1	1	1	NA	NA	no_sub
06-32123T--06-32123N	16	33802	89985827	normal	1	1	1	NA	NA	no_sub
06-32123T--06-32123N	17	151596	79999964	normal	1	1	1	NA	NA	no_sub
06-32123T--06-32123N	18	125785	79996664	normal	1	1	1	NA	NA	no_sub
06-32123T--06-32123N	19	226776	58585941	normal	1	1	1	NA	NA	no_sub
06-32123T--06-32123N	20	20001903	64324353	normal	1	1	1	NA	NA	no_sub
06-32123T--06-32123N	21	13900911	46682701	normal	1	1	1	NA	NA	no_sub
06-32123T--06-32123N	22	16386087	22027362	normal	1	1	1	NA	NA	no_sub
06-32123T--06-32123N	22	22032093	22707503	deletion	1	0	1	NA	NA	no_sub
06-32123T--06-32123N	22	22724777	49999547	normal	1	1	1	NA	NA	no_sub
06-32123T--06-32123N	X	1334607	2698953	normal	1	1	1	NA	NA	no_sub
06-32123T--06-32123N	X	155703951	155987445	normal	1	1	0.886703525786275	2	1	subclonal
07-11855T--07-11855N	1	827711	26813092	normal	1	1	1	NA	NA	no_sub
07-11855T--07-11855N	1	26824019	30206861	deletion	1	0	1	NA	NA	no_sub
07-11855T--07-11855N	1	30214465	48479581	normal	1	1	1	NA	NA	no_sub
07-11855T--07-11855N	1	48486909	55293752	deletion	1	0	1	NA	NA	no_sub
07-11855T--07-11855N	1	55300020	65361205	normal	1	1	1	NA	NA	no_sub
07-11855T--07-11855N	1	65426218	70182683	deletion	1	0	0.477494718908411	1	1	subclonal
07-11855T--07-11855N	1	70300142	73387114	high_LOH	5	0	1	NA	NA	no_sub
07-11855T--07-11855N	1	73428094	74257394	deletion	1	0	0.482693801807694	1	1	subclonal
07-11855T--07-11855N	1	74334001	74965332	high_LOH	5	0	1	NA	NA	no_sub
07-11855T--07-11855N	1	74967967	76275737	deletion	1	0	0.464589456235209	1	1	subclonal
07-11855T--07-11855N	1	76292858	76526673	high_LOH	5	0	1	NA	NA	no_sub
07-11855T--07-11855N	1	76534783	78238221	deletion	1	0	0.818816948170271	2	0	subclonal
07-11855T--07-11855N	1	78239470	79195269	high_LOH	5	0	1	NA	NA	no_sub
07-11855T--07-11855N	1	79230480	84889125	deletion	1	0	0.783262943265692	2	0	subclonal
07-11855T--07-11855N	1	84891534	101591827	high_LOH	5	0	1	NA	NA	no_sub
07-11855T--07-11855N	1	101595624	101713980	deletion	1	0	0.657257436615103	1	1	subclonal
07-11855T--07-11855N	1	101717634	105500962	high_LOH	5	0	1	NA	NA	no_sub
07-11855T--07-11855N	1	105501238	117221638	deletion	1	0	0.838569173117252	2	0	subclonal
07-11855T--07-11855N	1	117224562	117349894	deletion	1	0	0.167705462250761	1	1	subclonal
07-11855T--07-11855N	1	117354770	118412334	deletion	1	0	1	NA	NA	no_sub
07-11855T--07-11855N	1	118432037	119096232	LOH_3	4	0	1	NA	NA	no_sub
07-11855T--07-11855N	1	119097052	121596769	deletion	1	0	1	NA	NA	no_sub
07-11855T--07-11855N	1	143544453	143724724	normal	1	1	1	NA	NA	no_sub
07-11855T--07-11855N	1	146885553	248907069	normal	1	1	1	NA	NA	no_sub
07-11855T--07-11855N	2	23368	242043544	normal	1	1	1	NA	NA	no_sub
07-11855T--07-11855N	3	19817	75723438	normal	1	1	1	NA	NA	no_sub
07-11855T--07-11855N	3	75723471	75744417	LOH	2	0	0.773248470480613	2	1	subclonal
07-11855T--07-11855N	3	75754116	106274018	normal	1	1	1	NA	NA	no_sub
07-11855T--07-11855N	3	106274057	198113102	normal	1	1	0.611843002693811	2	1	subclonal
07-11855T--07-11855N	4	69675	189862760	normal	1	1	1	NA	NA	no_sub
07-11855T--07-11855N	5	849051	181258899	normal	1	1	1	NA	NA	no_sub
07-11855T--07-11855N	6	147750	170592015	normal	1	1	1	NA	NA	no_sub
07-11855T--07-11855N	7	80500	71750117	normal	1	1	1	NA	NA	no_sub
07-11855T--07-11855N	7	71761121	71869489	LOH	2	0	0.32161102986084	2	1	subclonal
07-11855T--07-11855N	7	71999985	159334835	normal	1	1	1	NA	NA	no_sub
07-11855T--07-11855N	8	87304	103377900	normal	1	1	1	NA	NA	no_sub
07-11855T--07-11855N	8	103439545	145074901	normal	1	1	0.613229277684189	2	1	subclonal
07-11855T--07-11855N	9	203761	38772578	normal	1	1	1	NA	NA	no_sub
07-11855T--07-11855N	9	61962029	61978077	deletion	1	0	1	NA	NA	no_sub
07-11855T--07-11855N	9	68416612	138175313	normal	1	1	1	NA	NA	no_sub
07-11855T--07-11855N	10	48601	21726552	deletion	1	0	1	NA	NA	no_sub
07-11855T--07-11855N	10	21732225	133422386	normal	1	1	1	NA	NA	no_sub
07-11855T--07-11855N	11	199256	77071396	normal	1	1	1	NA	NA	no_sub
07-11855T--07-11855N	11	77073982	108270182	deletion	1	0	0.13751847904562	1	1	subclonal
07-11855T--07-11855N	11	108270407	108400880	deletion	1	0	0.777732320280536	2	0	subclonal
07-11855T--07-11855N	11	108403866	134999663	deletion	1	0	0.101116528710015	1	1	subclonal
07-11855T--07-11855N	12	84754	11073365	normal	1	1	1	NA	NA	no_sub
07-11855T--07-11855N	12	11074435	11092126	deletion	1	0	1	NA	NA	no_sub
07-11855T--07-11855N	12	11098877	11405924	normal	1	1	1	NA	NA	no_sub
07-11855T--07-11855N	12	11406745	12735504	deletion	1	0	0.442816049293959	1	1	subclonal
07-11855T--07-11855N	12	12736355	133264554	normal	1	1	1	NA	NA	no_sub
07-11855T--07-11855N	13	18881817	95240667	normal	1	1	1	NA	NA	no_sub
07-11855T--07-11855N	13	95241258	114343518	deletion	1	0	0.392909940130346	1	1	subclonal
07-11855T--07-11855N	14	20007464	106867957	normal	1	1	1	NA	NA	no_sub
07-11855T--07-11855N	15	19816925	20007545	normal	1	1	1	NA	NA	no_sub
07-11855T--07-11855N	15	23382993	101838791	normal	1	1	1	NA	NA	no_sub
07-11855T--07-11855N	16	34870	89995500	normal	1	1	1	NA	NA	no_sub
07-11855T--07-11855N	17	171891	320272	normal	1	1	1	NA	NA	no_sub
07-11855T--07-11855N	17	321853	672264	deletion	1	0	1	NA	NA	no_sub
07-11855T--07-11855N	17	677954	79999874	normal	1	1	1	NA	NA	no_sub
07-11855T--07-11855N	18	165034	79999258	normal	1	1	1	NA	NA	no_sub
07-11855T--07-11855N	19	253938	58586084	normal	1	1	1	NA	NA	no_sub
07-11855T--07-11855N	20	20001903	26216995	normal	1	1	1	NA	NA	no_sub
07-11855T--07-11855N	20	30185407	50044442	deletion	1	0	1	NA	NA	no_sub
07-11855T--07-11855N	20	50062206	64287476	normal	1	1	1	NA	NA	no_sub
07-11855T--07-11855N	21	13901496	46634379	normal	1	1	1	NA	NA	no_sub
07-11855T--07-11855N	22	16385986	22162605	normal	1	1	1	NA	NA	no_sub
07-11855T--07-11855N	22	22162812	22735202	high_LOH	5	0	1	NA	NA	no_sub
07-11855T--07-11855N	22	22735437	49999850	normal	1	1	1	NA	NA	no_sub
07-11855T--07-11855N	X	1341847	2698739	normal	1	1	1	NA	NA	no_sub
07-11855T--07-11855N	X	155703951	155997799	normal	1	1	1	NA	NA	no_sub
07-20025T--07-20025N	1	832873	61011630	normal	1	1	1	NA	NA	no_sub
07-20025T--07-20025N	1	61029093	114234169	deletion	1	0	0.41094645885488	2	0	subclonal
07-20025T--07-20025N	1	114256657	150777437	normal	1	1	1	NA	NA	no_sub
07-20025T--07-20025N	1	150779199	166502693	deletion	1	0	0.725828036132483	2	0	subclonal
07-20025T--07-20025N	1	166503744	248909978	normal	1	1	1	NA	NA	no_sub
07-20025T--07-20025N	2	38938	242043342	normal	1	1	1	NA	NA	no_sub
07-20025T--07-20025N	3	18918	75678653	normal	1	1	1	NA	NA	no_sub
07-20025T--07-20025N	3	75680502	75775725	deletion	1	0	0.818517479542391	1	1	subclonal
07-20025T--07-20025N	3	75778346	198119409	normal	1	1	1	NA	NA	no_sub
07-20025T--07-20025N	4	109656	189860719	normal	1	1	1	NA	NA	no_sub
07-20025T--07-20025N	5	850712	181291265	normal	1	1	1	NA	NA	no_sub
07-20025T--07-20025N	6	147750	170502742	normal	1	1	1	NA	NA	no_sub
07-20025T--07-20025N	7	80500	37105907	normal	1	1	0.747637890656546	2	1	subclonal
07-20025T--07-20025N	7	37110894	57944377	normal	1	1	1	NA	NA	no_sub
07-20025T--07-20025N	7	62249455	159329969	normal	1	1	1	NA	NA	no_sub
07-20025T--07-20025N	8	205687	145074188	normal	1	1	1	NA	NA	no_sub
07-20025T--07-20025N	9	206512	38772578	normal	1	1	1	NA	NA	no_sub
07-20025T--07-20025N	9	61665362	61692021	normal	1	1	1	NA	NA	no_sub
07-20025T--07-20025N	9	68418585	138103464	normal	1	1	1	NA	NA	no_sub
07-20025T--07-20025N	10	48486	133422386	normal	1	1	1	NA	NA	no_sub
07-20025T--07-20025N	11	196944	91889835	normal	1	1	1	NA	NA	no_sub
07-20025T--07-20025N	11	91889981	95010353	deletion	1	0	0.621199038383888	1	1	subclonal
07-20025T--07-20025N	11	95012182	114738386	deletion	0	0	0.935250789494936	1	0	subclonal
07-20025T--07-20025N	11	114739078	116301858	deletion	1	0	0.617544926393395	1	1	subclonal
07-20025T--07-20025N	11	116305964	134999713	normal	1	1	1	NA	NA	no_sub
07-20025T--07-20025N	12	80964	11073283	normal	1	1	1	NA	NA	no_sub
07-20025T--07-20025N	12	11073288	11092126	LOH	2	0	0.559527706702898	2	1	subclonal
07-20025T--07-20025N	12	11098877	133255670	normal	1	1	1	NA	NA	no_sub
07-20025T--07-20025N	13	18881817	114010740	normal	1	1	1	NA	NA	no_sub
07-20025T--07-20025N	13	114014040	114330230	deletion	1	0	1	NA	NA	no_sub
07-20025T--07-20025N	14	19965357	106881246	normal	1	1	1	NA	NA	no_sub
07-20025T--07-20025N	15	19796608	19977918	normal	1	1	1	NA	NA	no_sub
07-20025T--07-20025N	15	23371286	101848788	normal	1	1	1	NA	NA	no_sub
07-20025T--07-20025N	16	89369	89992338	normal	1	1	1	NA	NA	no_sub
07-20025T--07-20025N	17	152087	22735725	whole_chrom_dup	2	2	1	NA	NA	no_sub
07-20025T--07-20025N	17	26955953	79983857	normal	1	1	1	NA	NA	no_sub
07-20025T--07-20025N	18	125371	12141311	deletion	1	0	0.718505208753943	2	0	subclonal
07-20025T--07-20025N	18	12145075	14137061	LOH	2	0	0.274031602465742	2	1	subclonal
07-20025T--07-20025N	18	20979714	79998683	gain	2	1	1	NA	NA	no_sub
07-20025T--07-20025N	19	226776	58585941	normal	1	1	1	NA	NA	no_sub
07-20025T--07-20025N	20	20001903	26330792	normal	1	1	1	NA	NA	no_sub
07-20025T--07-20025N	20	30185407	64324353	normal	1	1	1	NA	NA	no_sub
07-20025T--07-20025N	21	13912622	46669690	normal	1	1	1	NA	NA	no_sub
07-20025T--07-20025N	22	16386909	49997051	normal	1	1	1	NA	NA	no_sub
07-20025T--07-20025N	X	1334607	2696226	normal	1	1	1	NA	NA	no_sub
07-20025T--07-20025N	X	155703951	155999818	normal	1	1	1	NA	NA	no_sub
07-20432T--07-20432N	1	841166	5960932	normal	1	1	1	NA	NA	no_sub
07-20432T--07-20432N	1	5962391	6396061	deletion	1	0	1	NA	NA	no_sub
07-20432T--07-20432N	1	6401029	84004126	normal	1	1	1	NA	NA	no_sub
07-20432T--07-20432N	1	84004676	119705232	deletion	1	0	1	NA	NA	no_sub
07-20432T--07-20432N	1	119712290	121583667	normal	1	1	1	NA	NA	no_sub
07-20432T--07-20432N	1	143544825	171033093	normal	1	1	1	NA	NA	no_sub
07-20432T--07-20432N	1	171037912	171154779	deletion	1	0	1	NA	NA	no_sub
07-20432T--07-20432N	1	171157163	171503251	normal	1	1	1	NA	NA	no_sub
07-20432T--07-20432N	1	171505190	171578361	deletion	1	0	1	NA	NA	no_sub
07-20432T--07-20432N	1	171580437	248922185	normal	1	1	1	NA	NA	no_sub
07-20432T--07-20432N	2	11320	242044454	normal	1	1	1	NA	NA	no_sub
07-20432T--07-20432N	3	18519	143911550	normal	1	1	1	NA	NA	no_sub
07-20432T--07-20432N	3	143967975	198116021	normal	1	1	0.417960088691795	2	1	subclonal
07-20432T--07-20432N	4	11870	189869091	normal	1	1	1	NA	NA	no_sub
07-20432T--07-20432N	5	857807	181190148	normal	1	1	1	NA	NA	no_sub
07-20432T--07-20432N	6	147750	23641864	gain	2	1	1	NA	NA	no_sub
07-20432T--07-20432N	6	23644552	104809815	normal	1	1	1	NA	NA	no_sub
07-20432T--07-20432N	6	104811588	170590326	deletion	1	0	1	NA	NA	no_sub
07-20432T--07-20432N	7	80500	159323698	normal	1	1	1	NA	NA	no_sub
07-20432T--07-20432N	8	206331	145075236	normal	1	1	1	NA	NA	no_sub
07-20432T--07-20432N	9	211725	38773523	normal	1	1	1	NA	NA	no_sub
07-20432T--07-20432N	9	61667046	61694122	normal	1	1	1	NA	NA	no_sub
07-20432T--07-20432N	9	68431371	138163972	normal	1	1	1	NA	NA	no_sub
07-20432T--07-20432N	10	49156	38783450	normal	1	1	1	NA	NA	no_sub
07-20432T--07-20432N	10	42110143	133422386	normal	1	1	1	NA	NA	no_sub
07-20432T--07-20432N	11	197337	95705264	normal	1	1	1	NA	NA	no_sub
07-20432T--07-20432N	11	95707735	117801850	deletion	1	0	1	NA	NA	no_sub
07-20432T--07-20432N	11	117804571	134989435	normal	1	1	1	NA	NA	no_sub
07-20432T--07-20432N	12	79119	11072009	normal	1	1	1	NA	NA	no_sub
07-20432T--07-20432N	12	11073245	11092124	LOH	2	0	0.343388960205393	2	1	subclonal
07-20432T--07-20432N	12	11098877	133254733	normal	1	1	1	NA	NA	no_sub
07-20432T--07-20432N	13	18902026	101674106	normal	1	1	1	NA	NA	no_sub
07-20432T--07-20432N	13	101675374	114330230	deletion	1	0	0.579268292682927	1	1	subclonal
07-20432T--07-20432N	14	19967170	106881246	normal	1	1	1	NA	NA	no_sub
07-20432T--07-20432N	15	19796459	101890963	normal	1	1	1	NA	NA	no_sub
07-20432T--07-20432N	16	62378	89999112	normal	1	1	1	NA	NA	no_sub
07-20432T--07-20432N	17	152076	79982201	normal	1	1	1	NA	NA	no_sub
07-20432T--07-20432N	18	148913	79999306	normal	1	1	1	NA	NA	no_sub
07-20432T--07-20432N	19	276245	13180377	normal	1	1	1	NA	NA	no_sub
07-20432T--07-20432N	19	13181087	14396821	deletion	1	0	1	NA	NA	no_sub
07-20432T--07-20432N	19	14413839	58561846	normal	1	1	1	NA	NA	no_sub
07-20432T--07-20432N	20	20035270	64286376	normal	1	1	1	NA	NA	no_sub
07-20432T--07-20432N	21	13900911	46681199	normal	1	1	1	NA	NA	no_sub
07-20432T--07-20432N	22	16385677	22403187	normal	1	1	1	NA	NA	no_sub
07-20432T--07-20432N	22	22426244	22898847	deletion	1	0	1	NA	NA	no_sub
07-20432T--07-20432N	22	22907184	49999547	normal	1	1	1	NA	NA	no_sub
07-20432T--07-20432N	X	1334607	2698739	normal	1	1	1	NA	NA	no_sub
07-20432T--07-20432N	X	155703951	155999818	normal	1	1	1	NA	NA	no_sub
07-28085T--07-28085N	1	866646	248885765	normal	1	1	1	NA	NA	no_sub
07-28085T--07-28085N	2	23368	242013738	normal	1	1	1	NA	NA	no_sub
07-28085T--07-28085N	3	18685	75701647	gain	2	1	0.49624060150376	3	1	subclonal
07-28085T--07-28085N	3	75707368	75767293	high_LOH	5	0	1	NA	NA	no_sub
07-28085T--07-28085N	3	75771771	90455495	gain	2	1	0.504983388704311	3	1	subclonal
07-28085T--07-28085N	3	93786912	198119409	gain	2	1	0.500881834215168	3	1	subclonal
07-28085T--07-28085N	4	10240	189869091	normal	1	1	1	NA	NA	no_sub
07-28085T--07-28085N	5	850530	181315811	normal	1	1	1	NA	NA	no_sub
07-28085T--07-28085N	6	147750	24132873	normal	1	1	0.464285714285715	2	1	subclonal
07-28085T--07-28085N	6	24141822	67690641	normal	1	1	1	NA	NA	no_sub
07-28085T--07-28085N	6	67695038	115383990	deletion	1	0	0.537634408602153	1	1	subclonal
07-28085T--07-28085N	6	115385957	170558659	normal	1	1	1	NA	NA	no_sub
07-28085T--07-28085N	7	115340	57988396	normal	1	1	0.49341438703141	2	1	subclonal
07-28085T--07-28085N	7	61075640	78005663	normal	1	1	0.479166666666668	2	1	subclonal
07-28085T--07-28085N	7	78008062	159311243	normal	1	1	1	NA	NA	no_sub
07-28085T--07-28085N	8	206331	145075236	normal	1	1	1	NA	NA	no_sub
07-28085T--07-28085N	9	203761	38772384	normal	1	1	1	NA	NA	no_sub
07-28085T--07-28085N	9	61664045	61699249	deletion	1	0	0.310559006211183	1	1	subclonal
07-28085T--07-28085N	9	68416309	104313545	deletion	1	0	0.303951367781154	1	1	subclonal
07-28085T--07-28085N	9	104313701	138175313	normal	1	1	1	NA	NA	no_sub
07-28085T--07-28085N	10	48486	133422386	normal	1	1	1	NA	NA	no_sub
07-28085T--07-28085N	11	199673	50798370	normal	1	1	1	NA	NA	no_sub
07-28085T--07-28085N	11	54541311	134999713	normal	1	1	1	NA	NA	no_sub
07-28085T--07-28085N	12	92928	133264554	normal	1	1	1	NA	NA	no_sub
07-28085T--07-28085N	13	18889368	114344377	normal	1	1	1	NA	NA	no_sub
07-28085T--07-28085N	14	19956892	106833376	normal	1	1	1	NA	NA	no_sub
07-28085T--07-28085N	15	19796521	101848788	normal	1	1	1	NA	NA	no_sub
07-28085T--07-28085N	16	34870	89997732	normal	1	1	1	NA	NA	no_sub
07-28085T--07-28085N	17	151596	79999964	normal	1	1	1	NA	NA	no_sub
07-28085T--07-28085N	18	125371	79965683	normal	1	1	1	NA	NA	no_sub
07-28085T--07-28085N	19	226776	58585941	normal	1	1	1	NA	NA	no_sub
07-28085T--07-28085N	20	20002746	64324353	normal	1	1	1	NA	NA	no_sub
07-28085T--07-28085N	21	13901496	46681423	normal	1	1	1	NA	NA	no_sub
07-28085T--07-28085N	22	16385677	22372241	normal	1	1	1	NA	NA	no_sub
07-28085T--07-28085N	22	22372432	22717867	LOH	2	0	0.698412698412706	3	0	subclonal
07-28085T--07-28085N	22	22719775	49999547	normal	1	1	1	NA	NA	no_sub
07-28085T--07-28085N	X	1334946	2699855	normal	1	1	1	NA	NA	no_sub
07-28085T--07-28085N	X	155703951	155997618	normal	1	1	1	NA	NA	no_sub
07-40082T--07-40082N	1	832873	248930384	normal	1	1	1	NA	NA	no_sub
07-40082T--07-40082N	2	11320	241896799	normal	1	1	1	NA	NA	no_sub
07-40082T--07-40082N	3	18685	75723764	normal	1	1	1	NA	NA	no_sub
07-40082T--07-40082N	3	75728581	75767062	deletion	1	0	0.58585037404741	1	1	subclonal
07-40082T--07-40082N	3	75768767	198116021	normal	1	1	1	NA	NA	no_sub
07-40082T--07-40082N	4	10240	189860108	normal	1	1	1	NA	NA	no_sub
07-40082T--07-40082N	5	855264	181362592	normal	1	1	1	NA	NA	no_sub
07-40082T--07-40082N	6	160271	170612497	normal	1	1	1	NA	NA	no_sub
07-40082T--07-40082N	7	104023	159330245	normal	1	1	1	NA	NA	no_sub
07-40082T--07-40082N	8	116822	145032127	normal	1	1	1	NA	NA	no_sub
07-40082T--07-40082N	9	203937	38772578	normal	1	1	1	NA	NA	no_sub
07-40082T--07-40082N	9	61694121	61978077	normal	1	1	1	NA	NA	no_sub
07-40082T--07-40082N	9	68416612	138175011	normal	1	1	1	NA	NA	no_sub
07-40082T--07-40082N	10	49156	133406354	normal	1	1	1	NA	NA	no_sub
07-40082T--07-40082N	11	196944	134998351	normal	1	1	1	NA	NA	no_sub
07-40082T--07-40082N	12	99618	133225138	normal	1	1	1	NA	NA	no_sub
07-40082T--07-40082N	13	18881113	114341521	normal	1	1	1	NA	NA	no_sub
07-40082T--07-40082N	14	19969822	106881246	normal	1	1	1	NA	NA	no_sub
07-40082T--07-40082N	15	19796521	19989705	normal	1	1	1	NA	NA	no_sub
07-40082T--07-40082N	15	23371286	101890963	normal	1	1	1	NA	NA	no_sub
07-40082T--07-40082N	16	33802	89997192	normal	1	1	1	NA	NA	no_sub
07-40082T--07-40082N	17	152087	79991703	normal	1	1	1	NA	NA	no_sub
07-40082T--07-40082N	18	125632	79996664	normal	1	1	1	NA	NA	no_sub
07-40082T--07-40082N	19	226776	58481529	normal	1	1	1	NA	NA	no_sub
07-40082T--07-40082N	20	20005326	38463143	normal	1	1	1	NA	NA	no_sub
07-40082T--07-40082N	20	38463439	38463903	LOH	2	0	0.75872294549164	2	1	subclonal
07-40082T--07-40082N	20	38463989	64287865	normal	1	1	1	NA	NA	no_sub
07-40082T--07-40082N	21	13901423	46681423	normal	1	1	1	NA	NA	no_sub
07-40082T--07-40082N	22	16386087	22720405	normal	1	1	1	NA	NA	no_sub
07-40082T--07-40082N	22	22721160	22898605	deletion	1	0	0.855578370978782	1	1	subclonal
07-40082T--07-40082N	22	22907582	49997051	normal	1	1	1	NA	NA	no_sub
07-40082T--07-40082N	X	1342726	155990247	normal	1	1	1	NA	NA	no_sub
09-27079T--09-27079N	1	832873	121580477	normal	1	1	1	NA	NA	no_sub
09-27079T--09-27079N	1	143542694	143725419	normal	1	1	1	NA	NA	no_sub
09-27079T--09-27079N	1	146961634	248912317	normal	1	1	1	NA	NA	no_sub
09-27079T--09-27079N	2	11320	242013738	normal	1	1	1	NA	NA	no_sub
09-27079T--09-27079N	3	18918	158553901	normal	1	1	1	NA	NA	no_sub
09-27079T--09-27079N	3	158554432	198116021	gain	2	1	1	NA	NA	no_sub
09-27079T--09-27079N	4	11870	189848068	normal	1	1	1	NA	NA	no_sub
09-27079T--09-27079N	5	859713	1490894	gain	2	1	1	NA	NA	no_sub
09-27079T--09-27079N	5	1492087	181279524	normal	1	1	1	NA	NA	no_sub
09-27079T--09-27079N	6	147750	170612497	normal	1	1	1	NA	NA	no_sub
09-27079T--09-27079N	7	80500	159334411	normal	1	1	1	NA	NA	no_sub
09-27079T--09-27079N	8	206434	145074901	normal	1	1	1	NA	NA	no_sub
09-27079T--09-27079N	9	203937	38773523	normal	1	1	1	NA	NA	no_sub
09-27079T--09-27079N	9	61664670	61687984	normal	1	1	1	NA	NA	no_sub
09-27079T--09-27079N	9	68418622	138174508	normal	1	1	1	NA	NA	no_sub
09-27079T--09-27079N	10	49134	133403086	normal	1	1	1	NA	NA	no_sub
09-27079T--09-27079N	11	197337	69501746	normal	1	1	1	NA	NA	no_sub
09-27079T--09-27079N	11	69540118	95705915	gain	2	1	1	NA	NA	no_sub
09-27079T--09-27079N	11	95747258	117015398	deletion	1	0	0.507882609750176	2	0	subclonal
09-27079T--09-27079N	11	117021652	134999713	gain	2	1	1	NA	NA	no_sub
09-27079T--09-27079N	12	79119	133259913	normal	1	1	1	NA	NA	no_sub
09-27079T--09-27079N	13	18875648	48154876	normal	1	1	1	NA	NA	no_sub
09-27079T--09-27079N	13	48156191	114334878	deletion	1	0	1	NA	NA	no_sub
09-27079T--09-27079N	14	19965357	85692679	normal	1	1	1	NA	NA	no_sub
09-27079T--09-27079N	14	85698966	106775381	gain	2	1	1	NA	NA	no_sub
09-27079T--09-27079N	14	106775735	106881246	deletion	1	0	0.0904364099398041	1	1	subclonal
09-27079T--09-27079N	15	19796608	101890963	normal	1	1	1	NA	NA	no_sub
09-27079T--09-27079N	16	33807	89988610	normal	1	1	1	NA	NA	no_sub
09-27079T--09-27079N	17	151596	79991703	normal	1	1	1	NA	NA	no_sub
09-27079T--09-27079N	18	125371	79999306	normal	1	1	1	NA	NA	no_sub
09-27079T--09-27079N	19	226776	58555191	normal	1	1	1	NA	NA	no_sub
09-27079T--09-27079N	20	20001903	38463143	normal	1	1	1	NA	NA	no_sub
09-27079T--09-27079N	20	38463439	38463879	LOH_3	4	0	0.584731991268495	4	1	subclonal
09-27079T--09-27079N	20	38463989	64326953	normal	1	1	1	NA	NA	no_sub
09-27079T--09-27079N	21	13906833	46682701	normal	1	1	1	NA	NA	no_sub
09-27079T--09-27079N	22	16385677	22322820	normal	1	1	1	NA	NA	no_sub
09-27079T--09-27079N	22	22323144	22898847	deletion	1	0	0.367996604414262	2	0	subclonal
09-27079T--09-27079N	22	22907184	49997051	normal	1	1	1	NA	NA	no_sub
09-27079T--09-27079N	X	1343031	2698739	normal	1	1	1	NA	NA	no_sub
09-27079T--09-27079N	X	155703951	155999818	gain	2	1	0.808527646956045	3	1	subclonal
09-36389T--09-36389N	1	832873	201555882	normal	1	1	1	NA	NA	no_sub
09-36389T--09-36389N	1	201556396	204879972	normal	1	1	0.105541616912419	2	1	subclonal
09-36389T--09-36389N	1	204902853	248935535	normal	1	1	1	NA	NA	no_sub
09-36389T--09-36389N	2	23368	242043544	normal	1	1	1	NA	NA	no_sub
09-36389T--09-36389N	3	18519	126969428	normal	1	1	1	NA	NA	no_sub
09-36389T--09-36389N	3	126972099	198116021	gain_2	3	1	1	NA	NA	no_sub
09-36389T--09-36389N	4	11870	189799723	normal	1	1	1	NA	NA	no_sub
09-36389T--09-36389N	5	850088	181288809	normal	1	1	1	NA	NA	no_sub
09-36389T--09-36389N	6	205696	170612497	normal	1	1	1	NA	NA	no_sub
09-36389T--09-36389N	7	80500	134251499	normal	1	1	1	NA	NA	no_sub
09-36389T--09-36389N	7	134256197	134365518	deletion	1	0	0.670843787315686	1	1	subclonal
09-36389T--09-36389N	7	134368679	159330245	normal	1	1	1	NA	NA	no_sub
09-36389T--09-36389N	8	116822	145075236	normal	1	1	1	NA	NA	no_sub
09-36389T--09-36389N	9	203937	38774354	normal	1	1	1	NA	NA	no_sub
09-36389T--09-36389N	9	61665362	61687984	normal	1	1	1	NA	NA	no_sub
09-36389T--09-36389N	9	68416929	138175313	normal	1	1	1	NA	NA	no_sub
09-36389T--09-36389N	10	48486	31889194	normal	1	1	1	NA	NA	no_sub
09-36389T--09-36389N	10	31942452	34109888	gain	2	1	1	NA	NA	no_sub
09-36389T--09-36389N	10	34128907	133422185	normal	1	1	1	NA	NA	no_sub
09-36389T--09-36389N	11	197337	134999702	normal	1	1	1	NA	NA	no_sub
09-36389T--09-36389N	12	79119	52328326	normal	1	1	1	NA	NA	no_sub
09-36389T--09-36389N	12	52377446	54514197	gain	2	1	1	NA	NA	no_sub
09-36389T--09-36389N	12	54539273	133236886	normal	1	1	1	NA	NA	no_sub
09-36389T--09-36389N	13	18875648	31936536	normal	1	1	1	NA	NA	no_sub
09-36389T--09-36389N	13	31938367	114334995	deletion	1	0	1	NA	NA	no_sub
09-36389T--09-36389N	14	19956892	106881246	normal	1	1	1	NA	NA	no_sub
09-36389T--09-36389N	15	19811558	19989705	normal	1	1	1	NA	NA	no_sub
09-36389T--09-36389N	15	23371286	67803589	normal	1	1	1	NA	NA	no_sub
09-36389T--09-36389N	15	67804189	87298953	normal	1	1	0.217348914798364	2	1	subclonal
09-36389T--09-36389N	15	87301512	93836711	deletion	1	0	0.813143984625073	1	1	subclonal
09-36389T--09-36389N	15	93857533	101895679	deletion	1	0	0.760289625624443	1	1	subclonal
09-36389T--09-36389N	16	34870	89997192	normal	1	1	1	NA	NA	no_sub
09-36389T--09-36389N	17	151872	79990249	normal	1	1	1	NA	NA	no_sub
09-36389T--09-36389N	18	125371	79985348	normal	1	1	1	NA	NA	no_sub
09-36389T--09-36389N	19	226776	58577240	normal	1	1	1	NA	NA	no_sub
09-36389T--09-36389N	20	20008248	38463439	normal	1	1	1	NA	NA	no_sub
09-36389T--09-36389N	20	38463461	38463879	LOH	2	0	1	NA	NA	no_sub
09-36389T--09-36389N	20	38463903	64324353	normal	1	1	1	NA	NA	no_sub
09-36389T--09-36389N	21	13900911	46682701	normal	1	1	1	NA	NA	no_sub
09-36389T--09-36389N	22	16385463	22343138	normal	1	1	1	NA	NA	no_sub
09-36389T--09-36389N	22	22344037	22896030	deletion	1	0	1	NA	NA	no_sub
09-36389T--09-36389N	22	22917062	49999695	normal	1	1	1	NA	NA	no_sub
09-36389T--09-36389N	X	1344837	2698739	gain_2	3	1	0.8820998983556	3	2	subclonal
09-36389T--09-36389N	X	155703951	155999818	deletion	1	0	0.920014336890082	1	1	subclonal
10-17030T--10-17030N	1	834801	158137857	normal	1	1	1	NA	NA	no_sub
10-17030T--10-17030N	1	158158725	159419962	deletion	1	0	1	NA	NA	no_sub
10-17030T--10-17030N	1	159426680	159529084	normal	1	1	1	NA	NA	no_sub
10-17030T--10-17030N	1	159530119	159898076	deletion	1	0	1	NA	NA	no_sub
10-17030T--10-17030N	1	159914319	187402263	normal	1	1	1	NA	NA	no_sub
10-17030T--10-17030N	1	187405349	189014495	deletion	1	0	1	NA	NA	no_sub
10-17030T--10-17030N	1	189015190	191892584	normal	1	1	1	NA	NA	no_sub
10-17030T--10-17030N	1	191896261	192312290	deletion	1	0	1	NA	NA	no_sub
10-17030T--10-17030N	1	192314099	193304936	normal	1	1	1	NA	NA	no_sub
10-17030T--10-17030N	1	193414434	195301905	deletion	1	0	1	NA	NA	no_sub
10-17030T--10-17030N	1	195322826	209573305	normal	1	1	1	NA	NA	no_sub
10-17030T--10-17030N	1	209573928	210540270	deletion	1	0	1	NA	NA	no_sub
10-17030T--10-17030N	1	210541052	213692178	normal	1	1	1	NA	NA	no_sub
10-17030T--10-17030N	1	213693104	214167396	deletion	1	0	1	NA	NA	no_sub
10-17030T--10-17030N	1	214171050	218922040	normal	1	1	1	NA	NA	no_sub
10-17030T--10-17030N	1	219093016	219334977	deletion	1	0	1	NA	NA	no_sub
10-17030T--10-17030N	1	219349549	227492606	normal	1	1	1	NA	NA	no_sub
10-17030T--10-17030N	1	227508332	233274757	deletion	1	0	1	NA	NA	no_sub
10-17030T--10-17030N	1	233275103	248914941	normal	1	1	1	NA	NA	no_sub
10-17030T--10-17030N	2	38938	88860182	normal	1	1	1	NA	NA	no_sub
10-17030T--10-17030N	2	88862035	91989950	deletion	1	0	1	NA	NA	no_sub
10-17030T--10-17030N	2	91997792	106759261	normal	1	1	1	NA	NA	no_sub
10-17030T--10-17030N	2	106759657	156816316	deletion	1	0	0.892865114867097	1	1	subclonal
10-17030T--10-17030N	2	156840979	242043544	normal	1	1	1	NA	NA	no_sub
10-17030T--10-17030N	3	18918	1016534	deletion	1	0	0.433302188097266	1	1	subclonal
10-17030T--10-17030N	3	1019565	11877450	deletion	1	0	1	NA	NA	no_sub
10-17030T--10-17030N	3	11900652	13567156	normal	1	1	1	NA	NA	no_sub
10-17030T--10-17030N	3	13568499	13676666	deletion	1	0	0.669648836150323	1	1	subclonal
10-17030T--10-17030N	3	13678349	13863503	normal	1	1	1	NA	NA	no_sub
10-17030T--10-17030N	3	13881238	26209094	deletion	1	0	1	NA	NA	no_sub
10-17030T--10-17030N	3	26213723	58883452	normal	1	1	1	NA	NA	no_sub
10-17030T--10-17030N	3	58887712	60046658	deletion	1	0	1	NA	NA	no_sub
10-17030T--10-17030N	3	60048253	64377872	normal	1	1	1	NA	NA	no_sub
10-17030T--10-17030N	3	64377888	74010665	deletion	1	0	1	NA	NA	no_sub
10-17030T--10-17030N	3	74012141	75804695	normal	1	1	1	NA	NA	no_sub
10-17030T--10-17030N	3	75808465	77762100	deletion	1	0	1	NA	NA	no_sub
10-17030T--10-17030N	3	77772828	89030403	normal	1	1	1	NA	NA	no_sub
10-17030T--10-17030N	3	89031471	90455495	deletion	1	0	1	NA	NA	no_sub
10-17030T--10-17030N	3	93798823	148607506	normal	1	1	1	NA	NA	no_sub
10-17030T--10-17030N	3	148610063	157314691	normal	1	1	0.797076110257476	2	1	subclonal
10-17030T--10-17030N	3	157315649	163407321	normal	1	1	0.308749588489985	2	1	subclonal
10-17030T--10-17030N	3	163407534	194223762	normal	1	1	0.80867176109991	2	1	subclonal
10-17030T--10-17030N	3	194225309	198095087	normal	1	1	1	NA	NA	no_sub
10-17030T--10-17030N	4	72156	189869091	normal	1	1	1	NA	NA	no_sub
10-17030T--10-17030N	5	851092	181315811	normal	1	1	1	NA	NA	no_sub
10-17030T--10-17030N	6	147750	143638046	normal	1	1	1	NA	NA	no_sub
10-17030T--10-17030N	6	143640114	144040398	deletion	1	0	1	NA	NA	no_sub
10-17030T--10-17030N	6	144042313	144969144	normal	1	1	1	NA	NA	no_sub
10-17030T--10-17030N	6	144974852	153842039	deletion	1	0	1	NA	NA	no_sub
10-17030T--10-17030N	6	153842422	165583773	normal	1	1	1	NA	NA	no_sub
10-17030T--10-17030N	6	165600260	170572962	deletion	1	0	1	NA	NA	no_sub
10-17030T--10-17030N	6	170574939	170612497	normal	1	1	0.927605531226993	2	1	subclonal
10-17030T--10-17030N	7	82180	57988182	normal	1	1	0.737963498897696	2	1	subclonal
10-17030T--10-17030N	7	61075640	159295587	normal	1	1	1	NA	NA	no_sub
10-17030T--10-17030N	8	205687	145075605	normal	1	1	1	NA	NA	no_sub
10-17030T--10-17030N	9	215057	24283239	normal	1	1	1	NA	NA	no_sub
10-17030T--10-17030N	9	24307766	25347476	deletion	1	0	1	NA	NA	no_sub
10-17030T--10-17030N	9	25348662	37573333	normal	1	1	1	NA	NA	no_sub
10-17030T--10-17030N	9	37576103	38773523	deletion	1	0	1	NA	NA	no_sub
10-17030T--10-17030N	9	61665362	61687984	normal	1	1	1	NA	NA	no_sub
10-17030T--10-17030N	9	68422860	71010982	deletion	1	0	0.424655359509962	1	1	subclonal
10-17030T--10-17030N	9	71013113	74023665	deletion	1	0	1	NA	NA	no_sub
10-17030T--10-17030N	9	74056443	74711746	normal	1	1	1	NA	NA	no_sub
10-17030T--10-17030N	9	74787229	75481156	deletion	1	0	1	NA	NA	no_sub
10-17030T--10-17030N	9	75505412	86384661	normal	1	1	1	NA	NA	no_sub
10-17030T--10-17030N	9	86408404	88559810	deletion	1	0	1	NA	NA	no_sub
10-17030T--10-17030N	9	88583067	90430265	deletion	1	0	0.407612335048023	1	1	subclonal
10-17030T--10-17030N	9	90478305	90630330	deletion	1	0	1	NA	NA	no_sub
10-17030T--10-17030N	9	90630876	91615454	normal	1	1	1	NA	NA	no_sub
10-17030T--10-17030N	9	91639898	92709670	deletion	1	0	1	NA	NA	no_sub
10-17030T--10-17030N	9	92711437	94446784	deletion	1	0	0.418530522593953	1	1	subclonal
10-17030T--10-17030N	9	94447171	98898799	deletion	1	0	1	NA	NA	no_sub
10-17030T--10-17030N	9	98899560	100411747	normal	1	1	1	NA	NA	no_sub
10-17030T--10-17030N	9	100451665	101806916	deletion	1	0	1	NA	NA	no_sub
10-17030T--10-17030N	9	101808787	138175313	normal	1	1	1	NA	NA	no_sub
10-17030T--10-17030N	10	49156	133384423	normal	1	1	1	NA	NA	no_sub
10-17030T--10-17030N	11	249560	22742337	normal	1	1	1	NA	NA	no_sub
10-17030T--10-17030N	11	22800137	26531493	deletion	1	0	1	NA	NA	no_sub
10-17030T--10-17030N	11	26570814	26829145	normal	1	1	1	NA	NA	no_sub
10-17030T--10-17030N	11	26843632	29350372	deletion	1	0	1	NA	NA	no_sub
10-17030T--10-17030N	11	29358647	31149537	normal	1	1	1	NA	NA	no_sub
10-17030T--10-17030N	11	31155713	31331949	deletion	1	0	1	NA	NA	no_sub
10-17030T--10-17030N	11	31333931	32812335	normal	1	1	1	NA	NA	no_sub
10-17030T--10-17030N	11	32814344	34005847	deletion	1	0	1	NA	NA	no_sub
10-17030T--10-17030N	11	34072549	36522194	deletion	1	0	0.434366812638047	1	1	subclonal
10-17030T--10-17030N	11	36527228	39098333	deletion	1	0	1	NA	NA	no_sub
10-17030T--10-17030N	11	39098611	40892768	normal	1	1	1	NA	NA	no_sub
10-17030T--10-17030N	11	40897023	43243251	deletion	1	0	1	NA	NA	no_sub
10-17030T--10-17030N	11	43245284	43542682	normal	1	1	1	NA	NA	no_sub
10-17030T--10-17030N	11	43671503	43795634	deletion	1	0	0.739751502883315	2	0	subclonal
10-17030T--10-17030N	11	43826889	50816181	normal	1	1	1	NA	NA	no_sub
10-17030T--10-17030N	11	54541311	84002613	normal	1	1	1	NA	NA	no_sub
10-17030T--10-17030N	11	84002985	89010188	deletion	1	0	1	NA	NA	no_sub
10-17030T--10-17030N	11	89010867	89116266	deletion	1	0	0.240386761694987	1	1	subclonal
10-17030T--10-17030N	11	89116691	91294862	deletion	1	0	1	NA	NA	no_sub
10-17030T--10-17030N	11	91295449	91802786	normal	1	1	1	NA	NA	no_sub
10-17030T--10-17030N	11	91812305	111305626	deletion	1	0	1	NA	NA	no_sub
10-17030T--10-17030N	11	111308329	111336546	normal	1	1	1	NA	NA	no_sub
10-17030T--10-17030N	11	111389151	112698067	deletion	1	0	1	NA	NA	no_sub
10-17030T--10-17030N	11	112699286	113135790	normal	1	1	0.894265973239423	2	1	subclonal
10-17030T--10-17030N	11	113162979	117769227	deletion	1	0	0.718208793530891	2	0	subclonal
10-17030T--10-17030N	11	117776187	120154119	normal	1	1	0.519226476610025	2	1	subclonal
10-17030T--10-17030N	11	120182942	124016607	deletion	1	0	0.492010345330455	2	0	subclonal
10-17030T--10-17030N	11	124147847	134999713	normal	1	1	0.489791362933088	2	1	subclonal
10-17030T--10-17030N	12	79119	133244280	normal	1	1	1	NA	NA	no_sub
10-17030T--10-17030N	13	18881817	46991071	deletion	1	0	0.0569913903106637	1	1	subclonal
10-17030T--10-17030N	13	46991647	60669509	deletion	1	0	0.388828356474379	1	1	subclonal
10-17030T--10-17030N	13	60693848	114341035	deletion	1	0	0.0669648836150338	1	1	subclonal
10-17030T--10-17030N	14	19970573	63759246	normal	1	1	1	NA	NA	no_sub
10-17030T--10-17030N	14	63761259	77483544	deletion	1	0	0.243508667691027	1	1	subclonal
10-17030T--10-17030N	14	77484781	106881246	normal	1	1	1	NA	NA	no_sub
10-17030T--10-17030N	15	19796459	101608463	normal	1	1	1	NA	NA	no_sub
10-17030T--10-17030N	16	34870	36047681	normal	1	1	1	NA	NA	no_sub
10-17030T--10-17030N	16	46444564	89997732	normal	1	1	1	NA	NA	no_sub
10-17030T--10-17030N	17	151872	22143735	deletion	1	0	0.418530522593953	1	1	subclonal
10-17030T--10-17030N	17	22197139	79999964	normal	1	1	1	NA	NA	no_sub
10-17030T--10-17030N	18	125371	79998683	normal	1	1	1	NA	NA	no_sub
10-17030T--10-17030N	19	255924	49764784	normal	1	1	1	NA	NA	no_sub
10-17030T--10-17030N	19	49766073	53016164	normal	1	1	0.83766088820598	2	1	subclonal
10-17030T--10-17030N	19	53016543	55856705	normal	1	1	0.479162016327531	2	1	subclonal
10-17030T--10-17030N	19	55856794	58580561	normal	1	1	0.718042595305124	2	1	subclonal
10-17030T--10-17030N	20	20002746	64324353	normal	1	1	1	NA	NA	no_sub
10-17030T--10-17030N	21	13916314	46682701	normal	1	1	1	NA	NA	no_sub
10-17030T--10-17030N	22	16385677	49999547	normal	1	1	1	NA	NA	no_sub
10-17030T--10-17030N	X	1348068	2699855	deletion	1	0	0.137363863825707	1	1	subclonal
10-17030T--10-17030N	X	155703951	155963939	deletion	1	0	0.343409659564269	1	1	subclonal
10-17031T--10-17031N	1	841166	99936101	whole_chrom_dup	2	2	1	NA	NA	no_sub
10-17031T--10-17031N	1	99937062	102049801	LOH	2	0	1	NA	NA	no_sub
10-17031T--10-17031N	1	102050636	248907069	whole_chrom_dup	2	2	1	NA	NA	no_sub
10-17031T--10-17031N	2	16078	242043544	whole_chrom_dup	2	2	1	NA	NA	no_sub
10-17031T--10-17031N	3	18519	161690833	whole_chrom_dup	2	2	1	NA	NA	no_sub
10-17031T--10-17031N	3	161692769	198116021	whole_chrom_dup	4	2	1	NA	NA	no_sub
10-17031T--10-17031N	4	77899	8943279	whole_chrom_dup	2	2	1	NA	NA	no_sub
10-17031T--10-17031N	4	9186946	9196570	gain_3	4	1	1	NA	NA	no_sub
10-17031T--10-17031N	4	9503365	102793025	whole_chrom_dup	2	2	1	NA	NA	no_sub
10-17031T--10-17031N	4	102793960	102902574	gain_3	4	1	0.114624123761178	4	2	subclonal
10-17031T--10-17031N	4	102904879	114825108	whole_chrom_dup	2	2	1	NA	NA	no_sub
10-17031T--10-17031N	4	114828261	115483104	LOH	2	0	1	NA	NA	no_sub
10-17031T--10-17031N	4	115483440	164506444	whole_chrom_dup	2	2	1	NA	NA	no_sub
10-17031T--10-17031N	4	164574085	181201776	LOH	2	0	0.546676335508824	2	1	subclonal
10-17031T--10-17031N	4	181202891	189869091	whole_chrom_dup	2	2	1	NA	NA	no_sub
10-17031T--10-17031N	5	857807	181291265	whole_chrom_dup	2	2	1	NA	NA	no_sub
10-17031T--10-17031N	6	205610	36295214	LOH_3	4	0	1	NA	NA	no_sub
10-17031T--10-17031N	6	36315670	170636804	whole_chrom_dup	2	2	1	NA	NA	no_sub
10-17031T--10-17031N	7	82180	27212157	whole_chrom_dup	3	2	0.4673985755322	4	2	subclonal
10-17031T--10-17031N	7	27236185	159335860	whole_chrom_dup	2	2	1	NA	NA	no_sub
10-17031T--10-17031N	8	206504	36618324	gain	2	1	0.403480783176215	2	2	subclonal
10-17031T--10-17031N	8	36621276	145074901	whole_chrom_dup	2	2	1	NA	NA	no_sub
10-17031T--10-17031N	9	214719	38763618	whole_chrom_dup	2	2	1	NA	NA	no_sub
10-17031T--10-17031N	9	61976589	61976589	LOH_2	3	0	0.51522842639594	3	1	subclonal
10-17031T--10-17031N	9	68418585	108790971	LOH	2	0	1	NA	NA	no_sub
10-17031T--10-17031N	9	108862962	109154133	whole_chrom_dup	2	2	1	NA	NA	no_sub
10-17031T--10-17031N	9	109156820	109194319	LOH	2	0	1	NA	NA	no_sub
10-17031T--10-17031N	9	109196673	138174508	whole_chrom_dup	2	2	1	NA	NA	no_sub
10-17031T--10-17031N	10	48601	133422185	whole_chrom_dup	2	2	1	NA	NA	no_sub
10-17031T--10-17031N	11	196944	123990374	whole_chrom_dup	2	2	1	NA	NA	no_sub
10-17031T--10-17031N	11	123991168	126851610	gain	2	1	0.43356487665865	2	2	subclonal
10-17031T--10-17031N	11	126851872	134989435	whole_chrom_dup	2	2	1	NA	NA	no_sub
10-17031T--10-17031N	12	79119	133262770	whole_chrom_dup	2	2	1	NA	NA	no_sub
10-17031T--10-17031N	13	18881817	95899200	whole_chrom_dup	2	2	1	NA	NA	no_sub
10-17031T--10-17031N	13	95902290	114344377	LOH	2	0	1	NA	NA	no_sub
10-17031T--10-17031N	14	19956892	106881246	whole_chrom_dup	2	2	1	NA	NA	no_sub
10-17031T--10-17031N	15	19796608	20007545	whole_chrom_dup	2	2	1	NA	NA	no_sub
10-17031T--10-17031N	15	23398749	101890963	whole_chrom_dup	2	2	1	NA	NA	no_sub
10-17031T--10-17031N	16	44080	89977620	whole_chrom_dup	2	2	1	NA	NA	no_sub
10-17031T--10-17031N	17	151596	79997640	whole_chrom_dup	2	2	1	NA	NA	no_sub
10-17031T--10-17031N	18	125371	79999306	whole_chrom_dup	2	2	1	NA	NA	no_sub
10-17031T--10-17031N	19	226776	58580561	whole_chrom_dup	2	2	1	NA	NA	no_sub
10-17031T--10-17031N	20	20002746	64324353	whole_chrom_dup	2	2	1	NA	NA	no_sub
10-17031T--10-17031N	21	13901122	46682701	whole_chrom_dup	2	2	1	NA	NA	no_sub
10-17031T--10-17031N	22	16386789	49999695	whole_chrom_dup	2	2	1	NA	NA	no_sub
10-17031T--10-17031N	X	1336938	2698739	LOH	2	0	1	NA	NA	no_sub
10-17031T--10-17031N	X	155703951	155999818	LOH	2	0	0.383079526226725	3	0	subclonal
10-17838T--10-17838N	1	841166	121585648	normal	1	1	1	NA	NA	no_sub
10-17838T--10-17838N	1	143912482	143912482	NA	NA	NA	1	NA	NA	no_sub
10-17838T--10-17838N	1	146984651	248881098	normal	1	1	1	NA	NA	no_sub
10-17838T--10-17838N	2	14970	242043342	normal	1	1	1	NA	NA	no_sub
10-17838T--10-17838N	3	18918	75701647	normal	1	1	1	NA	NA	no_sub
10-17838T--10-17838N	3	75707364	75767293	LOH_2	3	0	1	NA	NA	no_sub
10-17838T--10-17838N	3	75771771	198052601	normal	1	1	1	NA	NA	no_sub
10-17838T--10-17838N	4	11870	39241688	normal	1	1	1	NA	NA	no_sub
10-17838T--10-17838N	4	39245848	39569731	LOH	2	0	1	NA	NA	no_sub
10-17838T--10-17838N	4	39575939	189869091	normal	1	1	1	NA	NA	no_sub
10-17838T--10-17838N	5	889212	181288809	normal	1	1	1	NA	NA	no_sub
10-17838T--10-17838N	6	160271	170569798	normal	1	1	1	NA	NA	no_sub
10-17838T--10-17838N	7	80631	159330245	normal	1	1	1	NA	NA	no_sub
10-17838T--10-17838N	8	266344	145074901	normal	1	1	1	NA	NA	no_sub
10-17838T--10-17838N	9	206512	38763618	normal	1	1	1	NA	NA	no_sub
10-17838T--10-17838N	9	61664314	61686417	normal	1	1	1	NA	NA	no_sub
10-17838T--10-17838N	9	68418585	138172039	normal	1	1	1	NA	NA	no_sub
10-17838T--10-17838N	10	48486	38747219	normal	1	1	1	NA	NA	no_sub
10-17838T--10-17838N	10	42150150	42292768	LOH_3	4	0	1	NA	NA	no_sub
10-17838T--10-17838N	10	42837679	133403527	normal	1	1	1	NA	NA	no_sub
10-17838T--10-17838N	11	199153	90294376	normal	1	1	1	NA	NA	no_sub
10-17838T--10-17838N	11	90294821	116455421	deletion	1	0	1	NA	NA	no_sub
10-17838T--10-17838N	11	116480794	134999702	normal	1	1	1	NA	NA	no_sub
10-17838T--10-17838N	12	79119	133262620	normal	1	1	1	NA	NA	no_sub
10-17838T--10-17838N	13	18901890	114344377	normal	1	1	1	NA	NA	no_sub
10-17838T--10-17838N	14	19965357	106860008	normal	1	1	1	NA	NA	no_sub
10-17838T--10-17838N	15	19856085	20007545	normal	1	1	1	NA	NA	no_sub
10-17838T--10-17838N	15	23589353	101890963	normal	1	1	1	NA	NA	no_sub
10-17838T--10-17838N	16	33807	89917016	normal	1	1	1	NA	NA	no_sub
10-17838T--10-17838N	17	152087	79991703	normal	1	1	1	NA	NA	no_sub
10-17838T--10-17838N	18	125632	79996664	normal	1	1	1	NA	NA	no_sub
10-17838T--10-17838N	19	240554	58585941	normal	1	1	1	NA	NA	no_sub
10-17838T--10-17838N	20	20001903	64283878	normal	1	1	1	NA	NA	no_sub
10-17838T--10-17838N	21	13900911	46681423	normal	1	1	1	NA	NA	no_sub
10-17838T--10-17838N	22	16386087	22357438	normal	1	1	1	NA	NA	no_sub
10-17838T--10-17838N	22	22358394	22882323	deletion	1	0	1	NA	NA	no_sub
10-17838T--10-17838N	22	22889323	49999547	normal	1	1	1	NA	NA	no_sub
10-17838T--10-17838N	X	1334607	155991196	deletion	1	0	0.521947909598627	1	1	subclonal
10-20030T--10-20030N	1	841166	121582199	deletion	1	0	1	NA	NA	no_sub
10-20030T--10-20030N	1	145805315	248929286	deletion	1	0	1	NA	NA	no_sub
10-20030T--10-20030N	2	11320	88861810	normal	1	1	1	NA	NA	no_sub
10-20030T--10-20030N	2	88862035	89025610	LOH_3	4	0	0.524847766835567	5	0	subclonal
10-20030T--10-20030N	2	91768644	242043544	normal	1	1	1	NA	NA	no_sub
10-20030T--10-20030N	3	18918	75641600	normal	1	1	1	NA	NA	no_sub
10-20030T--10-20030N	3	75643056	75744417	LOH_2	3	0	1	NA	NA	no_sub
10-20030T--10-20030N	3	75745022	144933202	normal	1	1	1	NA	NA	no_sub
10-20030T--10-20030N	3	144945324	198119409	high_gain	7	1	1	NA	NA	no_sub
10-20030T--10-20030N	4	11870	8946635	normal	1	1	1	NA	NA	no_sub
10-20030T--10-20030N	4	9187033	9243453	high_LOH	8	0	1	NA	NA	no_sub
10-20030T--10-20030N	4	9503365	189869091	normal	1	1	1	NA	NA	no_sub
10-20030T--10-20030N	5	850088	181236035	normal	1	1	1	NA	NA	no_sub
10-20030T--10-20030N	6	147691	41700458	high_LOH	12	0	1	NA	NA	no_sub
10-20030T--10-20030N	6	41702320	64933862	normal	1	1	1	NA	NA	no_sub
10-20030T--10-20030N	6	64934312	170612706	deletion	1	0	1	NA	NA	no_sub
10-20030T--10-20030N	7	82180	51847215	high_gain	5	1	1	NA	NA	no_sub
10-20030T--10-20030N	7	51848749	159318187	normal	1	1	1	NA	NA	no_sub
10-20030T--10-20030N	8	209179	78850711	deletion	1	0	0.158191554152926	1	1	subclonal
10-20030T--10-20030N	8	78937834	145075236	high_LOH	5	0	0.256938347478302	5	1	subclonal
10-20030T--10-20030N	9	203937	38773523	normal	1	1	1	NA	NA	no_sub
10-20030T--10-20030N	9	61665362	61978077	normal	1	1	1	NA	NA	no_sub
10-20030T--10-20030N	9	68422860	138174508	normal	1	1	1	NA	NA	no_sub
10-20030T--10-20030N	10	49134	677176	normal	1	1	0.800462926011657	2	1	subclonal
10-20030T--10-20030N	10	678694	679547	high_LOH	9	0	1	NA	NA	no_sub
10-20030T--10-20030N	10	683431	133420469	normal	1	1	1	NA	NA	no_sub
10-20030T--10-20030N	11	196944	106545578	normal	1	1	1	NA	NA	no_sub
10-20030T--10-20030N	11	106552255	116700252	high_LOH	6	0	1	NA	NA	no_sub
10-20030T--10-20030N	11	116703747	118082973	normal	1	1	1	NA	NA	no_sub
10-20030T--10-20030N	11	118083366	119970640	gain_2	3	1	1	NA	NA	no_sub
10-20030T--10-20030N	11	119983805	126878933	normal	1	1	1	NA	NA	no_sub
10-20030T--10-20030N	11	126887866	134999713	gain_2	3	1	0.738579828132067	4	1	subclonal
10-20030T--10-20030N	12	79119	55115757	normal	1	1	1	NA	NA	no_sub
10-20030T--10-20030N	12	55115906	133254685	normal	1	1	0.857241768203459	2	1	subclonal
10-20030T--10-20030N	13	18900340	114330230	normal	1	1	1	NA	NA	no_sub
10-20030T--10-20030N	14	19956892	106878547	normal	1	1	1	NA	NA	no_sub
10-20030T--10-20030N	15	19811558	19993405	normal	1	1	1	NA	NA	no_sub
10-20030T--10-20030N	15	23400224	101850669	normal	1	1	1	NA	NA	no_sub
10-20030T--10-20030N	16	33807	89999852	normal	1	1	1	NA	NA	no_sub
10-20030T--10-20030N	17	151596	22142948	high_LOH	5	0	1	NA	NA	no_sub
10-20030T--10-20030N	17	22143735	22744696	normal	1	1	1	NA	NA	no_sub
10-20030T--10-20030N	17	26955953	79991703	normal	1	1	1	NA	NA	no_sub
10-20030T--10-20030N	18	125632	79998683	normal	1	1	1	NA	NA	no_sub
10-20030T--10-20030N	19	245631	58567243	normal	1	1	1	NA	NA	no_sub
10-20030T--10-20030N	20	20006282	64324353	normal	1	1	1	NA	NA	no_sub
10-20030T--10-20030N	21	13901214	46677698	normal	1	1	1	NA	NA	no_sub
10-20030T--10-20030N	22	16385677	49999695	normal	1	1	1	NA	NA	no_sub
10-20030T--10-20030N	X	1336907	2691262	normal	1	1	1	NA	NA	no_sub
10-20030T--10-20030N	X	155703951	155999818	normal	1	1	1	NA	NA	no_sub
10-26934T--10-26934N	1	876336	73188352	normal	1	1	1	NA	NA	no_sub
10-26934T--10-26934N	1	73298583	78430284	deletion	1	0	1	NA	NA	no_sub
10-26934T--10-26934N	1	78432281	78645734	normal	1	1	1	NA	NA	no_sub
10-26934T--10-26934N	1	78657109	112693799	deletion	1	0	1	NA	NA	no_sub
10-26934T--10-26934N	1	112708266	112735956	normal	1	1	1	NA	NA	no_sub
10-26934T--10-26934N	1	112737646	112917054	deletion	1	0	1	NA	NA	no_sub
10-26934T--10-26934N	1	112960346	121591163	normal	1	1	1	NA	NA	no_sub
10-26934T--10-26934N	1	143551305	143724724	normal	1	1	0.883966793467559	2	1	subclonal
10-26934T--10-26934N	1	146885553	248833372	normal	1	1	1	NA	NA	no_sub
10-26934T--10-26934N	2	10853	88831873	normal	1	1	1	NA	NA	no_sub
10-26934T--10-26934N	2	88832676	89002376	deletion	0	0	0.714165920493468	1	0	subclonal
10-26934T--10-26934N	2	89022255	223770058	normal	1	1	1	NA	NA	no_sub
10-26934T--10-26934N	2	223788719	230328083	deletion	1	0	1	NA	NA	no_sub
10-26934T--10-26934N	2	230333905	242043342	normal	1	1	1	NA	NA	no_sub
10-26934T--10-26934N	3	18519	109554151	normal	1	1	1	NA	NA	no_sub
10-26934T--10-26934N	3	109555912	198115487	gain	2	1	1	NA	NA	no_sub
10-26934T--10-26934N	4	70442	189869091	normal	1	1	1	NA	NA	no_sub
10-26934T--10-26934N	5	850088	181288809	normal	1	1	1	NA	NA	no_sub
10-26934T--10-26934N	6	171716	170612497	normal	1	1	1	NA	NA	no_sub
10-26934T--10-26934N	7	80500	57993845	normal	1	1	1	NA	NA	no_sub
10-26934T--10-26934N	7	61075769	159329969	normal	1	1	1	NA	NA	no_sub
10-26934T--10-26934N	8	205757	145068028	normal	1	1	1	NA	NA	no_sub
10-26934T--10-26934N	9	212189	38771741	normal	1	1	1	NA	NA	no_sub
10-26934T--10-26934N	9	61665362	61976589	normal	1	1	1	NA	NA	no_sub
10-26934T--10-26934N	9	68418585	138133487	normal	1	1	1	NA	NA	no_sub
10-26934T--10-26934N	9	138140906	138174508	LOH	2	0	0.560011903964246	2	1	subclonal
10-26934T--10-26934N	10	62159	38813364	normal	1	1	1	NA	NA	no_sub
10-26934T--10-26934N	10	42116663	133411456	normal	1	1	1	NA	NA	no_sub
10-26934T--10-26934N	11	196944	134999713	normal	1	1	1	NA	NA	no_sub
10-26934T--10-26934N	12	79119	133241504	normal	1	1	1	NA	NA	no_sub
10-26934T--10-26934N	13	18878850	91943390	normal	1	1	1	NA	NA	no_sub
10-26934T--10-26934N	13	91954957	114330230	deletion	1	0	1	NA	NA	no_sub
10-26934T--10-26934N	14	19956892	106875390	normal	1	1	1	NA	NA	no_sub
10-26934T--10-26934N	15	19796521	101886536	normal	1	1	1	NA	NA	no_sub
10-26934T--10-26934N	16	33807	89999852	normal	1	1	1	NA	NA	no_sub
10-26934T--10-26934N	17	155925	79991703	normal	1	1	1	NA	NA	no_sub
10-26934T--10-26934N	18	125632	79995474	normal	1	1	1	NA	NA	no_sub
10-26934T--10-26934N	19	226776	58578001	normal	1	1	1	NA	NA	no_sub
10-26934T--10-26934N	20	20001903	64283878	normal	1	1	1	NA	NA	no_sub
10-26934T--10-26934N	21	13900911	46682701	normal	1	1	1	NA	NA	no_sub
10-26934T--10-26934N	22	16385677	21110937	gain	2	1	1	NA	NA	no_sub
10-26934T--10-26934N	22	21572167	49999695	deletion	1	0	1	NA	NA	no_sub
10-26934T--10-26934N	X	1336907	155999818	normal	1	1	1	NA	NA	no_sub
10-40390T--10-40390N	1	827221	121570889	normal	1	1	1	NA	NA	no_sub
10-40390T--10-40390N	1	143688027	194320919	LOH	2	0	1	NA	NA	no_sub
10-40390T--10-40390N	1	194378716	227466139	LOH_2	3	0	1	NA	NA	no_sub
10-40390T--10-40390N	1	227467521	247608973	deletion	1	0	0.830505247429066	2	0	subclonal
10-40390T--10-40390N	1	247613154	248928060	LOH	2	0	1	NA	NA	no_sub
10-40390T--10-40390N	2	18506	43830980	gain	2	1	1	NA	NA	no_sub
10-40390T--10-40390N	2	43874155	88859668	normal	1	1	1	NA	NA	no_sub
10-40390T--10-40390N	2	88862035	91864360	deletion	1	0	1	NA	NA	no_sub
10-40390T--10-40390N	2	91867610	242043544	normal	1	1	1	NA	NA	no_sub
10-40390T--10-40390N	3	18918	75726567	normal	1	1	1	NA	NA	no_sub
10-40390T--10-40390N	3	75728581	75745043	LOH	2	0	0.627921397782261	2	1	subclonal
10-40390T--10-40390N	3	75746496	120863111	normal	1	1	1	NA	NA	no_sub
10-40390T--10-40390N	3	120867680	198119409	gain	2	1	1	NA	NA	no_sub
10-40390T--10-40390N	4	94549	189869091	normal	1	1	1	NA	NA	no_sub
10-40390T--10-40390N	5	850088	181288809	normal	1	1	1	NA	NA	no_sub
10-40390T--10-40390N	6	203397	170612497	normal	1	1	1	NA	NA	no_sub
10-40390T--10-40390N	7	82180	157666180	normal	1	1	1	NA	NA	no_sub
10-40390T--10-40390N	7	157668096	159330245	gain	2	1	1	NA	NA	no_sub
10-40390T--10-40390N	8	209436	4778386	deletion	1	0	1	NA	NA	no_sub
10-40390T--10-40390N	8	4783357	16086715	normal	1	1	1	NA	NA	no_sub
10-40390T--10-40390N	8	16086798	25761911	deletion	1	0	1	NA	NA	no_sub
10-40390T--10-40390N	8	25788412	30708831	normal	1	1	1	NA	NA	no_sub
10-40390T--10-40390N	8	30712310	35672827	deletion	1	0	1	NA	NA	no_sub
10-40390T--10-40390N	8	35718122	40937064	normal	1	1	1	NA	NA	no_sub
10-40390T--10-40390N	8	40938621	48183042	deletion	1	0	1	NA	NA	no_sub
10-40390T--10-40390N	8	48186998	96558561	normal	1	1	1	NA	NA	no_sub
10-40390T--10-40390N	8	96576871	145057130	gain	2	1	1	NA	NA	no_sub
10-40390T--10-40390N	9	203761	38763618	deletion	1	0	0.91751536838242	1	1	subclonal
10-40390T--10-40390N	9	61694121	61948587	gain	2	1	1	NA	NA	no_sub
10-40390T--10-40390N	9	68446162	128199880	LOH	2	0	0.853815225512168	2	1	subclonal
10-40390T--10-40390N	9	128201367	138175044	deletion	1	0	0.893683800372489	1	1	subclonal
10-40390T--10-40390N	10	49156	133403527	normal	1	1	1	NA	NA	no_sub
10-40390T--10-40390N	11	197337	134997778	normal	1	1	1	NA	NA	no_sub
10-40390T--10-40390N	12	79119	133225138	normal	1	1	1	NA	NA	no_sub
10-40390T--10-40390N	13	18874844	48221886	normal	1	1	1	NA	NA	no_sub
10-40390T--10-40390N	13	48276080	52216565	deletion	1	0	1	NA	NA	no_sub
10-40390T--10-40390N	13	52337964	91700197	normal	1	1	1	NA	NA	no_sub
10-40390T--10-40390N	13	91700578	114337675	deletion	1	0	1	NA	NA	no_sub
10-40390T--10-40390N	14	19956892	106875390	normal	1	1	1	NA	NA	no_sub
10-40390T--10-40390N	15	19839089	20007545	normal	1	1	0.829339336100093	2	1	subclonal
10-40390T--10-40390N	15	23382019	101861709	normal	1	1	1	NA	NA	no_sub
10-40390T--10-40390N	16	33807	89994858	normal	1	1	1	NA	NA	no_sub
10-40390T--10-40390N	17	151872	15142798	deletion	1	0	1	NA	NA	no_sub
10-40390T--10-40390N	17	15144382	79994927	normal	1	1	1	NA	NA	no_sub
10-40390T--10-40390N	18	132649	3232356	deletion	1	0	1	NA	NA	no_sub
10-40390T--10-40390N	18	3350199	5064752	normal	1	1	1	NA	NA	no_sub
10-40390T--10-40390N	18	5066784	5926217	deletion	1	0	1	NA	NA	no_sub
10-40390T--10-40390N	18	5938508	79999306	normal	1	1	1	NA	NA	no_sub
10-40390T--10-40390N	19	245631	49355003	normal	1	1	1	NA	NA	no_sub
10-40390T--10-40390N	19	49361864	58585941	LOH	2	0	1	NA	NA	no_sub
10-40390T--10-40390N	20	20005302	64324353	normal	1	1	1	NA	NA	no_sub
10-40390T--10-40390N	21	13916314	46698810	normal	1	1	1	NA	NA	no_sub
10-40390T--10-40390N	22	16385677	49999695	normal	1	1	1	NA	NA	no_sub
10-40390T--10-40390N	X	1334946	2501227	deletion	1	0	0.647453894852745	2	0	subclonal
10-40390T--10-40390N	X	2501820	2699855	normal	1	1	1	NA	NA	no_sub
10-40390T--10-40390N	X	155703951	155999435	normal	1	1	0.764067476701663	2	1	subclonal
