code	segment	plot_dot1	IC_down_cn1	IC_up_cn1	plot_dot2	IC_down_cn2	IC_up_cn2	plot_dot3	IC_down_cn3	IC_up_cn3	chr	type	chrom
1	gain	chr1-215255977-219058700-gain	0.267857142857143	0.1395124316699	0.406779661016949	NA	NA	NA	NA	NA	NA	chr1	gain	1
2	gain	chr1-239589017-244454832-gain	0.375	0.212389380530973	0.519685039370079	NA	NA	NA	NA	NA	NA	chr1	gain	1
3	gain	chr1-28634681-34809903-gain	0.304054054054054	0.170212765957447	0.425806451612903	NA	NA	NA	NA	NA	NA	chr1	gain	1
4	gain	chr1-67592114-73305782-gain	0.375	0.240875912408759	0.529411764705882	NA	NA	NA	NA	NA	NA	chr1	gain	1
25	gain	chr2-101151830-109893210-gain	0.278761061946903	0.178899082568807	0.382978723404255	NA	NA	NA	NA	NA	NA	chr2	gain	2
26	gain	chr2-19000112-33630165-gain	0.232258064516129	0.149501661129568	0.31875	NA	NA	NA	NA	NA	NA	chr2	gain	2
27	gain	chr2-208614615-213611221-gain	0.319148936170213	0.199477611940299	0.445945945945946	NA	NA	NA	NA	NA	NA	chr2	gain	2
28	gain	chr2-214628482-222150408-gain	0.375	0.25130890052356	0.488038277511962	NA	NA	NA	NA	NA	NA	chr2	gain	2
29	gain	chr2-223219087-240516749-gain	0.348341232227488	0.270731707317073	0.427586206896552	NA	NA	NA	NA	NA	NA	chr2	gain	2
30	gain	chr2-44096259-49087151-gain	0.208333333333333	0.0869565217391304	0.337748344370861	NA	NA	NA	NA	NA	NA	chr2	gain	2
31	gain	chr2-77481065-82248571-gain	0.315789473684211	0.186206896551724	0.45	NA	NA	NA	NA	NA	NA	chr2	gain	2
36	gain	chr3-7763665-15250000-gain	0.401673640167364	0.2882096069869	0.516	NA	NA	NA	NA	NA	NA	chr3	gain	3
37	gain	chr3-105000024-113202165-gain	0.301369863013699	0.185714285714286	0.407894736842105	NA	NA	NA	NA	NA	NA	chr3	gain	3
38	gain	chr3-176270688-183138311-gain	0.204081632653061	0.125874125874126	0.278145695364238	NA	NA	NA	NA	NA	NA	chr3	gain	3
39	gain	chr3-25964274-53023373-gain	0.263513513513513	0.202072538860104	0.326732673267327	NA	NA	NA	NA	NA	NA	chr3	gain	3
40	gain	chr3-2654465-5806750-gain	0.263157894736842	0.137614678899083	0.400537190082644	NA	NA	NA	NA	NA	NA	chr3	gain	3
41	gain	chr4-147157088-152799883-gain	0.232558139534884	0.0975609756097561	0.355555555555556	NA	NA	NA	NA	NA	NA	chr4	gain	4
42	gain	chr4-177980810-182054960-gain	0.36	0.203389830508475	0.5	NA	NA	NA	NA	NA	NA	chr4	gain	4
43	gain	chr4-21380594-26219793-gain	0.451127819548872	0.288	0.579000759878419	NA	NA	NA	NA	NA	NA	chr4	gain	4
44	gain	chr4-43003968-49091044-gain	0.2	0.0923076923076923	0.319148936170213	NA	NA	NA	NA	NA	NA	chr4	gain	4
45	gain	chr4-4305867-8642282-gain	0.219512195121951	0.101694915254237	0.348837209302326	NA	NA	NA	NA	NA	NA	chr4	gain	4
46	gain	chr4-80989904-92216734-gain	0.378947368421053	0.283388520238885	0.484848484848485	NA	NA	NA	NA	NA	NA	chr4	gain	4
47	gain	chr5-101637564-111452954-gain	0.285171102661597	0.188976377952756	0.384615384615385	NA	NA	NA	NA	NA	NA	chr5	gain	5
48	gain	chr5-849504-6418912-gain	0.515337423312883	0.37012987012987	0.645348837209302	NA	NA	NA	NA	NA	NA	chr5	gain	5
49	gain	chr5-162785956-171494178-gain	0.316455696202532	0.210526315789474	0.414634146341463	NA	NA	NA	NA	NA	NA	chr5	gain	5
50	gain	chr5-20150939-26937311-gain	0.195652173913043	0.101123595505618	0.298429319371728	NA	NA	NA	NA	NA	NA	chr5	gain	5
51	gain	chr5-30547550-35329543-gain	0.328125	0.173553719008264	0.485294117647059	NA	NA	NA	NA	NA	NA	chr5	gain	5
52	gain	chr5-65832252-74125262-gain	0.458333333333333	0.288888888888889	0.592105263157895	NA	NA	NA	NA	NA	NA	chr5	gain	5
53	gain	chr5-75034387-85246413-gain	0.45	0.359223300970874	0.54954954954955	NA	NA	NA	NA	NA	NA	chr5	gain	5
54	gain	chr6-10847258-22314251-gain	0.292134831460674	0.197674418604651	0.389891696750902	NA	NA	NA	NA	NA	NA	chr6	gain	6
55	gain	chr6-68451716-76236061-gain	0.454054054054054	0.323863636363636	0.596938775510204	NA	NA	NA	NA	NA	NA	chr6	gain	6
56	gain	chr6-91049908-96372252-gain	0.24	0.125	0.366412213740458	NA	NA	NA	NA	NA	NA	chr6	gain	6
57	gain	chr7-13884489-17778032-gain	0.384	0.228813559322034	0.522727272727273	NA	NA	NA	NA	NA	NA	chr7	gain	7
58	gain	chr7-141120663-147270143-gain	0.616935483870968	0.50606495387256	0.726923076923077	NA	NA	NA	NA	NA	NA	chr7	gain	7
59	gain	chr7-147299615-152731789-gain	0.732718894009217	0.623188405797101	0.860869565217391	NA	NA	NA	NA	NA	NA	chr7	gain	7
60	gain	chr7-20512364-31482348-gain	0.350649350649351	0.252525252525253	0.45	NA	NA	NA	NA	NA	NA	chr7	gain	7
61	gain	chr7-47074382-49852393-gain	0.31858407079646	0.168224299065421	0.454311974789915	NA	NA	NA	NA	NA	NA	chr7	gain	7
62	gain	chr7-80765633-93087768-gain	0.246056782334385	0.165584415584416	0.338414634146341	NA	NA	NA	NA	NA	NA	chr7	gain	7
63	gain	chr8-155687-2721853-gain	0.5	0.363636363636364	0.635869565217391	NA	NA	NA	NA	NA	NA	chr8	gain	8
64	gain	chr8-6398327-10496302-gain	0.218543046357616	0.103448275862069	0.341772151898734	NA	NA	NA	NA	NA	NA	chr8	gain	8
65	gain	chr8-63734876-72997951-gain	0.25	0.130434782608696	0.36	NA	NA	NA	NA	NA	NA	chr8	gain	8
66	gain	chr9-10089848-13498149-gain	0.307086614173228	0.173553719008264	0.447761194029851	NA	NA	NA	NA	NA	NA	chr9	gain	9
67	gain	chr9-17736454-21272100-gain	0.175	0.0775862068965517	0.30952380952381	NA	NA	NA	NA	NA	NA	chr9	gain	9
68	gain	chr9-74797785-86304899-gain	0.219269102990033	0.143344709897611	0.308681672025723	NA	NA	NA	NA	NA	NA	chr9	gain	9
5	gain	chr10-83289794-90397293-gain	0.372881355932203	0.248520710059172	0.50033422459893	NA	NA	NA	NA	NA	NA	chr10	gain	10
6	gain	chr11-65584512-73532916-gain	0.34	0.20979020979021	0.474683544303797	NA	NA	NA	NA	NA	NA	chr11	gain	11
7	gain	chr12-124276909-133702259-gain	0.462616822429906	0.350894906743185	0.575892857142857	NA	NA	NA	NA	NA	NA	chr12	gain	12
8	gain	chr12-21241437-29427151-gain	0.3	0.190751445086705	0.428571428571429	NA	NA	NA	NA	NA	NA	chr12	gain	12
9	gain	chr12-66843267-74051936-gain	0.244186046511628	0.127272727272727	0.35195530726257	NA	NA	NA	NA	NA	NA	chr12	gain	12
10	gain	chr13-26248093-33957317-gain	0.445054945054945	0.312138728323699	0.56544502617801	NA	NA	NA	NA	NA	NA	chr13	gain	13
11	gain	chr13-42578316-53411519-gain	0.309417040358744	0.196261682242991	0.413793103448276	NA	NA	NA	NA	NA	NA	chr13	gain	13
12	gain	chr13-90409740-97789204-gain	0.534031413612565	0.397790055248619	0.656716417910448	NA	NA	NA	NA	NA	NA	chr13	gain	13
13	gain	chr14-58312151-73338454-gain	0.343108504398827	0.254545454545455	0.43342776203966	NA	NA	NA	NA	NA	NA	chr14	gain	14
14	gain	chr14-77409065-83545536-gain	0.315126050420168	0.209606986899563	0.423387096774194	NA	NA	NA	NA	NA	NA	chr14	gain	14
15	gain	chr14-94666218-99196106-gain	0.521739130434783	0.389312977099237	0.657534246575342	NA	NA	NA	NA	NA	NA	chr14	gain	14
16	gain	chr15-86361183-102431166-gain	0.347058823529412	0.272177419354839	0.422979630635524	NA	NA	NA	NA	NA	NA	chr15	gain	15
17	gain	chr15-24971837-29696330-gain	0.359154929577465	0.222222222222222	0.5	NA	NA	NA	NA	NA	NA	chr15	gain	15
18	gain	chr15-66422307-72095711-gain	0.25	0.129805491990847	0.380952380952381	NA	NA	NA	NA	NA	NA	chr15	gain	15
19	gain	chr16-46501871-54522121-gain	0.275862068965517	0.161676646706587	0.395604395604396	NA	NA	NA	NA	NA	NA	chr16	gain	16
20	gain	chr17-27258122-34819191-gain	0.415094339622642	0.278145695364238	0.538922155688623	NA	NA	NA	NA	NA	NA	chr17	gain	17
21	gain	chr17-47697727-53910854-gain	0.094488188976378	0.0241935483870968	0.183206106870229	NA	NA	NA	NA	NA	NA	chr17	gain	17
22	gain	chr18-38153774-44278985-gain	0.32484076433121	0.181208053691275	0.454545454545455	NA	NA	NA	NA	NA	NA	chr18	gain	18
23	gain	chr18-49920639-55513347-gain	0.240875912408759	0.114503816793893	0.375	NA	NA	NA	NA	NA	NA	chr18	gain	18
24	gain	chr19-31952890-39455279-gain	0.409090909090909	0.285714285714286	0.535135135135135	NA	NA	NA	NA	NA	NA	chr19	gain	19
32	gain	chr20-51635023-57072098-gain	0.492537313432836	0.333333333333333	0.633802816901408	NA	NA	NA	NA	NA	NA	chr20	gain	20
110	gain_2	chr20-25089790-26286014-gain_2	1.20727272727273	1.15175097276265	1.25597269624573	1.20727272727273	1.15175097276265	1.25597269624573	NA	NA	NA	chr20	gain	20
33	gain	chr21-17296424-21105189-gain	0.368421052631579	0.222222222222222	0.520661157024793	NA	NA	NA	NA	NA	NA	chr21	gain	21
34	gain	chr21-32401130-38414195-gain	0.237154150197628	0.146938775510204	0.32183908045977	NA	NA	NA	NA	NA	NA	chr21	gain	21
35	gain	chr21-40936148-46575512-gain	0.380281690140845	0.244444444444444	0.52	NA	NA	NA	NA	NA	NA	chr21	gain	21
69	gain	chrX-144676210-155249621-gain	0.125	0.0481283422459893	0.212121212121212	NA	NA	NA	NA	NA	NA	chrX	gain	X
70	gain	chrX-17167482-30889366-gain	0.0958904109589041	0.0280373831775701	0.173333333333333	NA	NA	NA	NA	NA	NA	chrX	gain	X
71	gain	chrX-42819106-51062436-gain	0.131578947368421	0.0272727272727273	0.252100840336134	NA	NA	NA	NA	NA	NA	chrX	gain	X
